-4.3390000000000315 6610.0 6610.0 50000
-3.196599999999847 18034.0 12322.0 50000
-4.8288000000000135 1712.0 8785.333333333334 50000
1.5235999999999503 65236.0 22898.0 50000
-1.8060000000002232 31940.0 24706.4 50000
-4.357999999999994 6420.0 21658.666666666668 50000
-3.5682999999998986 14317.0 20609.85714285714 50000
-3.817599999999784 11824.0 19511.625 50000
-4.579199999999925 4208.0 17811.222222222223 50000
-1.306400000000126 36936.0 19723.7 50000
-2.6651999999998726 23348.0 20053.18181818182 50000
-4.338500000000119 6615.0 18933.333333333332 50000
-3.5482000000001364 14518.0 18593.69230769231 50000
-4.338699999999926 6613.0 17737.928571428572 50000
-3.0555999999997816 19444.0 17851.666666666668 50000
-1.5450000000000137 34550.0 18895.3125 50000
-4.108100000000063 8919.0 18308.470588235294 50000
-3.1458999999997665 18541.0 18321.38888888889 50000
-4.488900000000007 5111.0 17626.105263157893 50000
-3.787199999999914 12128.0 17351.2 50000
-2.647699999999755 23523.0 17645.095238095237 50000
1.2251000000000194 62251.0 19672.636363636364 50000
-0.31650000000003986 46835.0 20853.608695652172 50000
-3.0661000000001866 19339.0 20790.5 50000
-4.338000000000037 6620.0 20223.68 50000
-3.63819999999989 13618.0 19969.615384615383 50000
-0.6958999999999653 43041.0 20824.11111111111 50000
-3.448499999999937 15515.0 20634.5 50000
-3.8366999999999187 11633.0 20324.103448275862 50000
-1.51630000000007 34837.0 20807.866666666665 50000
-4.418200000000077 5818.0 20324.322580645163 50000
-4.307799999999973 6922.0 19905.5 50000
4.899299999999626 98993.0 22302.090909090908 50000
-3.006600000000232 19934.0 22232.441176470587 50000
-2.266900000000314 27331.0 22378.114285714284 50000
-3.0475000000000105 19525.0 22298.86111111111 50000
-2.787100000000169 22129.0 22294.27027027027 50000
4.554999999999929 95550.0 24222.052631578947 50000
-3.0974999999998456 19025.0 24088.79487179487 50000
-4.088300000000089 9117.0 23714.5 50000
-0.46470000000024764 45353.0 24242.268292682926 50000
-3.3273999999999386 16726.0 24063.309523809523 50000
-1.688099999999841 33119.0 24273.906976744187 50000
-4.13690000000012 8631.0 23918.386363636364 50000
-4.359700000000051 6403.0 23529.155555555557 50000
-2.9577999999999096 20422.0 23461.608695652172 50000
-4.219400000000064 7806.0 23128.510638297874 50000
-2.13550000000005 28645.0 23243.4375 50000
-4.428000000000032 5720.0 22885.816326530614 50000
-4.298799999999936 7012.0 22568.34 50000
-4.6889999999999885 3110.0 22186.803921568626 50000
-3.9893000000001537 10107.0 21954.5 50000
-1.6458000000001167 33542.0 22173.132075471698 50000
-3.9177999999998474 10822.0 21962.925925925927 50000
-3.837000000000097 11630.0 21775.054545454546 50000
-3.478199999999675 15218.0 21657.964285714286 50000
-3.3175999999997794 16824.0 21573.157894736843 50000
-4.369200000000036 6308.0 21309.96551724138 50000
-4.248100000000094 7519.0 21076.22033898305 50000
-3.907999999999901 10920.0 20906.95 50000
-1.3159999999998477 36840.0 21168.147540983606 50000
-4.079399999999996 9206.0 20975.209677419356 50000
-4.759399999999884 2406.0 20680.460317460318 50000
-4.077800000000164 9222.0 20501.421875 50000
-2.316600000000019 26834.0 20598.846153846152 50000
0.705400000000004 57054.0 21151.196969696968 50000
-3.3967999999996934 16032.0 21074.79104477612 50000
-3.008299999999953 19917.0 21057.764705882353 50000
-2.997899999999965 20021.0 21042.739130434784 50000
-2.0570999999997737 29429.0 21162.542857142857 50000
-4.549399999999942 4506.0 20927.943661971833 50000
-3.116100000000048 18839.0 20898.930555555555 50000
-2.988499999999908 20115.0 20888.19178082192 50000
-2.694200000000174 23058.0 20917.513513513513 50000
-3.8083000000001412 11917.0 20797.506666666668 50000
-3.5177000000002105 14823.0 20718.894736842107 50000
0.7650999999998656 57651.0 21198.532467532466 50000
-4.008299999999976 9917.0 21053.897435897437 50000
-4.24930000000003 7507.0 20882.41772151899 50000
-2.3737000000000115 26263.0 20949.675 50000
-3.8691999999999047 11308.0 20830.64197530864 50000
-3.6188999999999245 13811.0 20745.036585365855 50000
-0.4763999999998517 45236.0 21040.10843373494 50000
-3.5382000000002263 14618.0 20963.654761904763 50000
-3.47680000000026 15232.0 20896.223529411764 50000
-4.489199999999989 5108.0 20712.63953488372 50000
-2.5885999999999956 24114.0 20751.735632183907 50000
-0.165099999999847 48349.0 21065.340909090908 50000
-2.907299999999735 20927.0 21063.786516853932 50000
-1.727300000000228 32727.0 21193.37777777778 50000
-3.927800000000169 10722.0 21078.30769230769 50000
-4.39910000000006 6009.0 20914.510869565216 50000
-4.1692999999998355 8307.0 20778.94623655914 50000
-2.766200000000101 22338.0 20795.531914893618 50000
-3.68799999999999 13120.0 20714.736842105263 50000
-3.9270000000002176 10730.0 20610.729166666668 50000
-3.778700000000191 12213.0 20524.154639175256 50000
-4.699899999999999 3001.0 20345.34693877551 50000
-2.378500000000094 26215.0 20404.636363636364 50000
-3.708600000000004 12914.0 20329.73 50000
-4.22880000000005 7712.0 20340.75 50000
-2.8174000000002355 21826.0 20378.67 50000
-3.1368999999998444 18631.0 20547.86 50000
-3.4485999999999346 15514.0 20050.64 50000
-3.4892000000002352 15108.0 19882.32 50000
-3.727299999999695 12727.0 19945.39 50000
-3.4771000000002044 15229.0 19954.51 50000
-2.7983000000001503 22017.0 20056.44 50000
-4.609200000000012 3908.0 20053.44 50000
-4.699299999999916 3007.0 19714.15 50000
-4.679600000000088 3204.0 19512.71 50000
-2.094900000000271 29051.0 19737.07 50000
-4.089699999999958 9103.0 19682.92 50000
-4.358400000000012 6416.0 19680.95 50000
-3.2780999999998186 17219.0 19658.7 50000
-3.796899999999916 12031.0 19433.51 50000
-3.7685000000000892 12315.0 19467.47 50000
-3.967500000000098 10325.0 19385.31 50000
-3.867699999999922 11323.0 19447.43 50000
-3.618099999999825 13819.0 19464.34 50000
-4.097899999999896 9021.0 19319.32 50000
-3.058600000000008 19414.0 18890.95 50000
-4.148600000000052 8514.0 18507.74 50000
-3.517799999999875 14822.0 18462.57 50000
-1.384100000000044 36159.0 18757.96 50000
-1.3168999999998727 36831.0 18990.09 50000
1.9652999999997212 69653.0 19256.21 50000
-4.598600000000123 4014.0 19141.2 50000
-3.1559999999996737 18440.0 19209.27 50000
-4.3792000000000995 6208.0 18922.98 50000
-3.998500000000098 10015.0 18964.95 50000
-4.248900000000065 7511.0 18970.84 50000
-1.3758999999999286 36241.0 18343.32 50000
-3.6885999999999672 13114.0 18275.12 50000
-4.699800000000054 3002.0 18031.83 50000
-4.179099999999971 8209.0 17918.67 50000
-2.235199999999833 27648.0 17973.86 50000
-4.417199999999962 5828.0 17076.64 50000
-4.209500000000075 7905.0 16965.44 50000
-3.999099999999988 10009.0 16974.36 50000
-1.4562000000001523 35438.0 16875.21 50000
-4.45930000000008 5407.0 16762.02 50000
-3.727199999999874 12728.0 16558.11 50000
-4.30729999999994 6927.0 16541.07 50000
-3.3791999999999467 16208.0 16639.12 50000
-4.339600000000115 6604.0 16500.94 50000
-3.9984000000003044 10016.0 16523.04 50000
-3.526899999999812 14731.0 16383.9 50000
-1.7576000000001748 32424.0 16650.94 50000
-4.098600000000122 9014.0 16670.96 50000
-3.8774999999999875 11225.0 16752.11 50000
-3.9989999999998775 10010.0 16751.14 50000
1.1064999999999712 61065.0 17026.37 50000
-4.598899999999898 4011.0 16958.26 50000
-2.3466999999999385 26533.0 17107.29 50000
-3.758400000000229 12416.0 17079.27 50000
-3.3476000000001664 16524.0 17076.27 50000
-1.1753999999999656 38246.0 17395.65 50000
-2.3358999999999424 26641.0 17586.87 50000
-4.258899999999895 7411.0 17551.78 50000
0.28320000000001866 52832.0 17711.7 50000
-3.6172999999997955 13827.0 17757.91 50000
-3.2481999999998403 17518.0 17909.03 50000
-3.388600000000176 16114.0 17977.95 50000
2.6262999999998913 76263.0 18472.24 50000
-3.787399999999861 12126.0 18022.96 50000
-4.28990000000001 7101.0 17933.65 50000
-4.408699999999904 5913.0 17793.61 50000
-1.486900000000193 35131.0 17944.71 50000
-2.637599999999867 23624.0 17886.66 50000
-4.479300000000079 5207.0 17893.67 50000
-2.8976999999996544 21023.0 17915.51 50000
-4.319200000000057 6808.0 17782.44 50000
-1.3669000000001874 36331.0 17915.17 50000
-4.289000000000037 7110.0 17867.1 50000
-4.529100000000043 4709.0 17765.96 50000
-3.486300000000382 15137.0 17340.82 50000
-4.618899999999978 3811.0 17279.76 50000
-3.467300000000301 15327.0 17357.96 50000
-4.0181999999999904 9818.0 17193.51 50000
-3.739099999999883 12609.0 17206.52 50000
-3.2869000000000157 17131.0 17239.72 50000
-3.4285000000001555 15715.0 16944.51 50000
-3.9962999999996165 10037.0 16898.7 50000
-4.788900000000132 2111.0 16767.49 50000
-3.6678000000002045 13322.0 16849.63 50000
1.6048000000000102 66048.0 17268.97 50000
-3.4774000000000647 15226.0 16937.74 50000
-2.1488000000000844 28512.0 17013.59 50000
-2.9787000000001997 20213.0 16888.45 50000
-3.1780000000001274 18220.0 16963.43 50000
-4.709100000000059 2909.0 16932.43 50000
-2.806300000000226 21937.0 17068.73 50000
-4.328499999999949 6715.0 16912.5 50000
-3.957299999999875 10427.0 16885.57 50000
-4.067700000000256 9323.0 16871.5 50000
-4.429500000000057 5705.0 16806.42 50000
-3.2275999999999883 17724.0 16953.65 50000
-3.066599999999843 19334.0 16884.84 50000
-1.3983000000000758 36017.0 17115.87 50000
-4.708699999999942 2913.0 17067.88 50000
-1.8778999999999435 31221.0 17161.83 50000
-3.746500000000249 12535.0 17100.87 50000
-0.5657999999996882 44342.0 17389.15 50000
-4.799399999999978 2006.0 17258.13 50000
-4.739400000000061 2606.0 17156.92 50000
-1.9084000000000663 30916.0 17313.79 50000
-3.7388999999998 12611.0 17219.73 50000
-4.037899999999802 9621.0 17276.86 50000
-3.8678999999999246 11321.0 17360.0 50000
-4.008600000000099 9914.0 17427.1 50000
-3.5788000000000872 14212.0 17278.71 50000
-3.898800000000162 11012.0 17297.8 50000
-1.2811999999998978 37188.0 17605.52 50000
-3.6884999999998285 13115.0 17564.48 50000
-2.187999999999919 28120.0 17725.37 50000
-3.4885000000001773 15115.0 17753.37 50000
-4.11780000000011 8822.0 17738.34 50000
-3.4656000000001055 15344.0 17778.55 50000
-1.6153999999998163 33846.0 17978.82 50000
-3.0679000000001384 19321.0 18081.82 50000
-2.7664999999999145 22335.0 18111.03 50000
-0.39679999999998106 46032.0 18486.21 50000
-3.1674000000000375 18326.0 18521.25 50000
-4.177999999999929 8220.0 18241.86 50000
-4.537900000000274 4621.0 17919.76 50000
-3.1781999999999 18218.0 17405.41 50000
-3.4279000000001525 15721.0 17522.48 50000
-4.03869999999991 9613.0 17434.21 50000
-3.8589999999998303 11410.0 17486.23 50000
-3.4171000000002567 15829.0 17544.37 50000
-4.459099999999929 5409.0 17523.35 50000
-2.7762000000001206 22238.0 17383.32 50000
-3.3086999999998445 16913.0 17421.31 50000
-4.69920000000012 3008.0 17421.37 50000
-1.9477999999998639 30522.0 17644.5 50000
-3.8287999999997493 11712.0 17485.14 50000
-2.348200000000086 26518.0 17692.04 50000
-4.259599999999993 7404.0 17687.03 50000
-3.956599999999875 10434.0 17691.28 50000
-3.897799999999758 11022.0 17447.12 50000
-2.627300000000285 23727.0 17630.32 50000
-3.3086999999998206 16913.0 17672.17 50000
-2.1070000000001987 28930.0 17892.2 50000
-1.946800000000171 30532.0 18035.44 50000
-4.349400000000103 6506.0 18034.46 50000
-4.009099999999754 9909.0 18033.39 50000
-1.15509999999992 38449.0 18270.57 50000
-4.178799999999987 8212.0 18028.45 50000
-2.0971000000001148 29029.0 18228.6 50000
-4.70929999999992 2907.0 18145.42 50000
-4.388299999999987 6117.0 18106.49 50000
-3.468900000000111 15311.0 17648.95 50000
-3.4988999999999217 15011.0 17758.95 50000
-4.1767000000000705 8233.0 17575.95 50000
-3.658500000000182 13415.0 17585.94 50000
-4.52900000000005 4710.0 17467.8 50000
-3.8586999999998444 11413.0 17199.47 50000
-4.23819999999986 7618.0 17009.24 50000
-4.769100000000058 2309.0 16958.22 50000
-2.136199999999869 28638.0 16716.28 50000
-1.5546999999998061 34453.0 16922.54 50000
-3.6980999999999766 13019.0 16877.55 50000
-2.9375000000002918 20625.0 16922.66 50000
-2.007499999999808 29925.0 16459.28 50000
-4.419100000000093 5809.0 16396.11 50000
-4.547899999999831 4521.0 16370.31 50000
-4.378900000000064 6211.0 16373.29 50000
-4.248799999999878 7512.0 16097.1 50000
-1.8470000000001703 31530.0 16176.16 50000
-4.168899999999871 8311.0 16207.2 50000
-3.099199999999982 19008.0 16187.05 50000
-4.239299999999844 7607.0 16195.04 50000
-1.8072999999999944 31927.0 16151.0 50000
-3.897700000000178 11023.0 16190.13 50000
-3.6774000000002416 13226.0 16275.3 50000
-4.228499999999899 7715.0 16201.08 50000
-3.096900000000297 19031.0 16353.28 50000
-4.8498999999999635 1501.0 16215.02 50000
-4.138700000000063 8613.0 16202.97 50000
-3.1163999999997003 18836.0 16265.24 50000
-3.8975999999999313 11024.0 16204.17 50000
-1.0348000000001711 39652.0 16443.54 50000
-3.9376000000000424 10624.0 16449.41 50000
-4.228799999999862 7712.0 16505.42 50000
-4.759199999999979 2408.0 16396.28 50000
-4.638099999999963 3619.0 15771.99 50000
-4.509100000000108 4909.0 15668.82 50000
-4.499200000000257 5008.0 15433.78 50000
-3.508099999999845 14919.0 15380.84 50000
-3.194599999999873 18054.0 15379.18 50000
-2.556799999999778 24432.0 15594.41 50000
-4.458699999999863 5413.0 15429.17 50000
-4.7290000000000525 2710.0 15389.12 50000
-4.519199999999886 4808.0 15332.93 50000
-4.539099999999929 4609.0 15285.79 50000
-3.8285999999999905 11714.0 15345.88 50000
-1.72849999999993 32715.0 15495.79 50000
-3.737699999999958 12623.0 15428.68 50000
-4.638500000000109 3615.0 15104.66 50000
-2.5071999999998744 24928.0 15324.81 50000
1.5072000000000205 65072.0 15663.32 50000
-3.628599999999779 13714.0 15675.11 50000
-4.457799999999982 5422.0 15285.91 50000
-3.0062000000002898 19938.0 15465.23 50000
-3.0268999999998702 19731.0 15636.48 50000
-4.5495000000001875 4505.0 15372.37 50000
-4.739600000000042 2604.0 15272.3 50000
-4.498899999999963 5011.0 15226.2 50000
-3.2372999999997014 17627.0 15289.26 50000
-3.8082999999997695 11917.0 15309.29 50000
-2.907200000000083 20928.0 15376.45 50000
-4.519200000000063 4808.0 15314.41 50000
-4.249200000000089 7508.0 15017.61 50000
-3.4460000000003452 15540.0 15041.86 50000
-2.888400000000218 21116.0 14971.82 50000
-4.258699999999965 7413.0 14894.8 50000
-4.4678999999999895 5321.0 14859.79 50000
-2.4773000000002128 25227.0 14958.62 50000
-3.568500000000002 14315.0 14763.31 50000
-1.1953000000002816 38047.0 14950.57 50000
-4.398200000000122 6018.0 14787.4 50000
3.273899999999827 82739.0 15154.47 50000
-3.7274000000000065 12726.0 15098.47 50000
-4.059000000000026 9410.0 15110.37 50000
-4.548900000000068 4511.0 15109.27 50000
-3.448400000000027 15516.0 15082.25 50000
-4.228099999999992 7719.0 15002.23 50000
-3.6661999999996455 13338.0 15039.48 50000
-4.738999999999874 2610.0 14951.48 50000
-3.2656000000002794 17344.0 14966.63 50000
-3.957800000000174 10422.0 15016.76 50000
-1.957500000000128 30425.0 15098.63 50000
-2.916599999999689 20834.0 15137.84 50000
-2.8560999999999086 21439.0 15322.15 50000
-3.6654999999996525 13345.0 15150.38 50000
-3.9977000000001635 10023.0 15133.49 50000
-4.4698 5302.0 14921.33 50000
-4.368299999999844 6317.0 14910.46 50000
-4.67910000000008 3209.0 14838.21 50000
-3.386799999999844 16132.0 14889.31 50000
-3.258000000000147 17420.0 14826.24 50000
-4.528999999999929 4710.0 14704.21 50000
-3.2363000000001225 17637.0 14591.28 50000
-4.357399999999989 6426.0 14350.22 50000
-4.739899999999993 2601.0 14311.17 50000
-2.9371000000002128 20629.0 14418.37 50000
-3.148499999999874 18515.0 14219.03 50000
-3.4363000000001915 15637.0 14293.28 50000
-3.817700000000089 11823.0 14121.22 50000
-4.438899999999891 5611.0 14148.26 50000
-3.017499999999724 19825.0 14285.34 50000
-4.108299999999812 8917.0 14221.4 50000
-2.6874000000004425 23126.0 14302.55 50000
-4.425700000000199 5743.0 14277.65 50000
-3.4884000000000874 15116.0 14294.66 50000
-2.4353000000001748 25647.0 14504.03 50000
-1.6672999999999663 33327.0 14723.17 50000
-4.629499999999976 3705.0 14684.04 50000
-4.5287999999998725 4712.0 14708.07 50000
-4.348599999999799 6514.0 14486.83 50000
-3.9476999999998514 10523.0 14247.53 50000
-4.227699999999896 7723.0 14194.57 50000
-2.8284000000000264 21716.0 14205.48 50000
-3.587700000000332 14123.0 14047.46 50000
-3.0981000000002297 19019.0 14179.56 50000
-3.688300000000099 13117.0 14265.52 50000
-4.0570000000002375 9430.0 14297.71 50000
-3.5589000000001287 14411.0 14366.7 50000
-3.486900000000107 15131.0 14202.71 50000
-4.489299999999851 5107.0 14170.67 50000
-4.168700000000304 8313.0 14063.72 50000
-3.9591000000002854 10409.0 14091.74 50000
-2.6676999999999147 23323.0 14005.7 50000
-2.179100000000155 28209.0 14177.56 50000
-3.4366000000000954 15634.0 14201.64 50000
-3.7584000000000635 12416.0 14248.65 50000
-2.4979000000000493 25021.0 14308.55 50000
-3.9475999999997113 10524.0 14398.78 50000
-3.2881000000002585 17119.0 14483.84 50000
-1.2881999999999827 37118.0 14666.66 50000
-3.9175000000000737 10825.0 14664.67 50000
-2.575000000000317 24250.0 14510.65 50000
-4.549000000000003 4510.0 14449.51 50000
-3.7684000000000144 12316.0 14495.55 50000
-4.359200000000058 6408.0 14535.55 50000
-3.5569999999995705 14430.0 14643.66 50000
-4.378800000000113 6212.0 14656.69 50000
-3.2974999999996597 17025.0 14776.86 50000
-4.779200000000498 2208.0 14649.75 50000
-4.439000000000031 5610.0 14525.31 50000
-3.8675000000002004 11325.0 14394.24 50000
-3.237399999999888 17626.0 14516.37 50000
-3.7879999999998915 12120.0 14610.47 50000
-2.9661000000002895 20339.0 14765.78 50000
-2.497600000000025 25024.0 14969.93 50000
-1.2767000000001654 37233.0 15225.12 50000
-2.337300000000227 26627.0 15164.24 50000
-4.3083000000001785 6917.0 15107.18 50000
-3.1080000000000942 18920.0 15260.23 50000
-4.229199999999929 7708.0 15088.03 50000
-3.7272000000002166 12728.0 14564.59 50000
-4.2383999999998245 7616.0 14503.61 50000
-1.9659000000001454 30341.0 14752.8 50000
-3.6884000000000703 13116.0 14684.58 50000
-4.598599999999942 4014.0 14527.41 50000
-3.7287000000002677 12713.0 14609.49 50000
-4.029400000000144 9706.0 14680.51 50000
-4.469300000000095 5307.0 14683.47 50000
-4.18790000000001 8121.0 14588.41 50000
-1.666800000000262 33332.0 14802.56 50000
-2.585700000000129 24143.0 14834.71 50000
-3.4281999999999377 15718.0 14943.81 50000
-3.1583999999999803 18416.0 15052.89 50000
-4.109299999999933 8907.0 14986.56 50000
-3.4374000000000513 15626.0 14931.66 50000
-0.6877000000000719 43123.0 15288.76 50000
-3.1989000000000667 18011.0 15415.66 50000
-3.9285000000001085 10715.0 15270.54 50000
-2.2485999999999953 27514.0 15402.53 50000
-4.2590999999999415 7409.0 15096.15 50000
-3.2571999999996533 17428.0 15210.25 50000
-4.749099999999795 2509.0 14407.95 50000
-4.25790000000008 7421.0 14354.9 50000
-1.0929999999995952 39070.0 14651.5 50000
-4.809599999999985 1904.0 14625.43 50000
-3.868900000000121 11311.0 14583.38 50000
-4.228799999999947 7712.0 14583.31 50000
-4.53840000000006 4616.0 14496.09 50000
-3.637300000000238 13627.0 14606.26 50000
-3.7983999999998144 12016.0 14552.98 50000
-4.629399999999935 3706.0 14485.82 50000
-4.278999999999992 7210.0 14253.67 50000
-3.2260999999999065 17739.0 14222.72 50000
-4.4772000000000185 5228.0 14060.61 50000
-4.539199999999833 4608.0 13973.24 50000
-4.218299999999836 7817.0 13951.18 50000
-3.0050999999995387 19949.0 14097.65 50000
-4.007900000000031 9921.0 14133.69 50000
-4.118100000000044 8819.0 14189.79 50000
-4.8495999999999855 1504.0 14043.51 50000
-3.948100000000314 10519.0 13974.5 50000
-4.439499999999937 5605.0 13983.45 50000
-4.608700000000274 3913.0 13846.21 50000
-2.1363999999999495 28636.0 14068.31 50000
-4.109100000000087 8909.0 14131.39 50000
-2.397199999999847 26028.0 14185.38 50000
-2.9782000000001023 20218.0 14202.41 50000
-3.237600000000272 17624.0 14222.28 50000
-3.9795000000000376 10205.0 14206.1 50000
-4.429100000000392 5709.0 14207.08 50000
-4.198999999999991 8010.0 14088.93 50000
-4.12760000000002 8724.0 14087.0 50000
-3.866100000000211 11339.0 13969.13 50000
-4.459299999999942 5407.0 13965.77 50000
-2.1766999999999723 28233.0 14096.94 50000
-4.549199999999922 4508.0 13885.55 50000
-4.257899999999802 7421.0 13626.49 50000
-3.6566999999999603 13433.0 13723.77 50000
-4.399700000000077 6003.0 13736.68 50000
-4.6488999999999585 3511.0 13706.65 50000
-4.369400000000128 6306.0 13664.48 50000
-4.2088999999999075 7911.0 13666.36 50000
-4.6888999999998555 3111.0 13480.31 50000
-2.8456999999998756 21543.0 13554.51 50000
-4.529099999999796 4709.0 13411.41 50000
-2.8984999999997725 21015.0 13490.39 50000
-3.1268000000001805 18732.0 13583.41 50000
-3.2465000000000863 17535.0 13614.65 50000
-4.008300000000229 9917.0 13562.51 50000
-3.97799999999989 10220.0 13613.64 50000
-3.509500000000027 14905.0 13679.56 50000
-3.387800000000102 16122.0 13736.69 50000
-3.2067000000001378 17933.0 13682.79 50000
-2.648400000000061 23516.0 13635.86 50000
1.1255000000002104 61255.0 14092.07 50000
-3.5582999999998193 14417.0 14112.08 50000
-4.119200000000095 8808.0 13949.95 50000
-4.169000000000152 8310.0 13927.81 50000
-0.8358000000000357 41642.0 14173.04 50000
-3.867800000000256 11322.0 13915.08 50000
-4.518499999999879 4815.0 13854.98 50000
-3.548900000000088 14511.0 13757.59 50000
-4.699400000000007 3006.0 13742.55 50000
-4.667699999999968 3323.0 13652.62 50000
-4.949499999999951 505.0 13593.59 50000
-3.0370999999997634 19629.0 13645.58 50000
-4.269200000000111 7308.0 13656.54 50000
-4.9999999999999485 0.0 13486.29 50000
-2.946700000000142 20533.0 13669.54 50000
-3.6671000000001293 13329.0 13746.73 50000
-4.28949999999989 7105.0 13704.53 50000
-4.379200000000014 6208.0 13590.35 50000
-4.489100000000006 5109.0 13520.24 50000
-4.359199999999904 6408.0 13380.93 50000
-2.726199999999908 22738.0 13358.07 50000
-4.6996000000001095 3004.0 13015.78 50000
-3.8784999999998733 11215.0 12861.66 50000
-1.686600000000042 33134.0 13123.83 50000
-4.438199999999882 5618.0 12990.81 50000
-4.1390999999999645 8609.0 12999.82 50000
-4.0879000000002215 9121.0 12963.75 50000
-3.676500000000165 13235.0 13019.94 50000
-4.117799999999791 8822.0 12804.75 50000
-3.7674000000000825 12326.0 12796.85 50000
-4.439200000000012 5608.0 12812.79 50000
-4.009400000000126 9906.0 12784.72 50000
-3.2590000000001984 17410.0 12861.76 50000
-4.117999999999808 8820.0 12896.89 50000
-4.24969999999996 7503.0 12890.71 50000
-4.208800000000079 7912.0 12636.51 50000
-1.8774000000002486 31226.0 12707.34 50000
-4.309100000000332 6909.0 12619.25 50000
-3.7267999999995443 12732.0 12562.41 50000
-4.949399999999992 506.0 12478.4 50000
-3.1668000000000096 18332.0 12505.46 50000
-4.248399999999963 7516.0 12149.39 50000
-4.759699999999948 2403.0 11993.31 50000
-2.325300000000019 26747.0 12153.63 50000
-3.6190999999997833 13809.0 12016.58 50000
-3.5587999999999322 14412.0 12086.61 50000
-4.539200000000082 4608.0 11958.41 50000
-2.3056000000002714 26944.0 12202.76 50000
-3.628999999999826 13710.0 12265.65 50000
-3.8584999999998835 11415.0 11989.1 50000
-3.7766999999998596 12233.0 12092.39 50000
-4.298899999999748 7011.0 12049.39 50000
-0.875700000000065 41243.0 12384.7 50000
-4.3976999999999595 6023.0 12398.77 50000
-3.2673999999998253 17326.0 12435.76 50000
-2.198699999999841 28013.0 12595.73 50000
-4.189099999999712 8109.0 12639.76 50000
-3.988699999999888 10113.0 12668.79 50000
-3.798099999999806 12019.0 12611.59 50000
-3.367199999999898 16328.0 12722.59 50000
-4.9999999999999485 0.0 12676.51 50000
-4.018900000000043 9811.0 12696.45 50000
-2.6760000000002204 23240.0 12729.36 50000
-4.9999999999999485 0.0 12630.15 50000
-4.599200000000035 4008.0 12582.04 50000
-4.22820000000012 7718.0 12644.18 50000
-3.9481000000000455 10519.0 12644.18 50000
-0.7474999999999409 42525.0 13013.38 50000
-3.516800000000055 14832.0 13122.57 50000
-4.609699999999965 3903.0 12875.24 50000
-2.4074000000000786 25926.0 13045.41 50000
-2.7384999999999184 22615.0 13011.28 50000
-3.958499999999781 10415.0 12913.25 50000
-4.1795000000000195 8205.0 12819.06 50000
-4.258500000000032 7415.0 12791.16 50000
-4.2384000000001665 7616.0 12810.23 50000
-4.969799999999966 302.0 12733.15 50000
-4.9999999999999485 0.0 12645.91 50000
-4.9999999999999485 0.0 12532.52 50000
-3.1975999999997162 18024.0 12658.69 50000
-4.469399999999937 5306.0 12429.42 50000
-3.7284000000002377 12716.0 12511.5 50000
-3.717500000000165 12825.0 12565.54 50000
-4.148100000000203 8519.0 12516.4 50000
-3.926700000000275 10733.0 12563.7 50000
-3.507400000000077 14926.0 12677.85 50000
-4.448699999999967 5513.0 12669.92 50000
-2.5281999999999516 24718.0 12837.99 50000
-3.8284999999998477 11715.0 12924.03 50000
-3.818999999999962 11810.0 12826.7 50000
-2.484200000000412 25158.0 13031.19 50000
2.2160000000000117 72160.0 13542.64 50000
-3.0877999999997954 19122.0 13546.54 50000
-4.669699999999994 3303.0 13404.22 50000
-4.149199999999851 8508.0 13390.13 50000
-4.038199999999831 9618.0 13384.11 50000
-4.229600000000032 7704.0 13312.1 50000
-4.34799999999993 6520.0 13216.08 50000
-4.589099999999932 4109.0 13077.84 50000
-4.3086000000001405 6914.0 12911.82 50000
0.9670000000001897 59670.0 12895.97 50000
-4.048199999999876 9518.0 12846.98 50000
-3.5484000000000715 14516.0 12904.06 50000
-0.24689999999999393 47531.0 13296.27 50000
-4.428599999999998 5714.0 12936.99 50000
-3.998000000000213 10020.0 12923.97 50000
-2.8781000000002415 21219.0 13088.01 50000
-1.1166999999999252 38833.0 13331.23 50000
-4.418299999999929 5817.0 13359.34 50000
-3.7383999999999524 12616.0 13452.27 50000
-4.189100000000399 8109.0 13528.31 50000
-3.4576999999999685 15423.0 13486.25 50000
-4.168899999999798 8311.0 13496.28 50000
-4.629200000000552 3708.0 13533.36 50000
-3.2075999999996427 17924.0 13507.27 50000
-4.2395999999999425 7604.0 13450.02 50000
-3.8480999999997927 11519.0 13494.16 50000
-3.818599999999912 11814.0 13550.22 50000
-3.7783000000001024 12217.0 13621.3 50000
-4.2588999999999135 7411.0 13631.33 50000
-3.8181000000001633 11819.0 13522.14 50000
-3.739099999999949 12609.0 13618.19 50000
-4.709599999999989 2904.0 13535.08 50000
-2.206999999999918 27930.0 13483.04 50000
-3.398200000000045 16018.0 13587.04 50000
-4.899400000000005 1006.0 13511.01 50000
-4.849900000000033 1501.0 13434.81 50000
-4.678800000000127 3212.0 13334.58 50000
-4.669700000000132 3303.0 13279.39 50000
-4.839300000000038 1607.0 13172.2 50000
-3.708299999999889 12917.0 13245.29 50000
-4.218499999999924 7815.0 13224.38 50000
-3.4277000000001743 15723.0 13207.51 50000
-2.9057999999997755 20942.0 13328.73 50000
-4.138400000000046 8616.0 13339.86 50000
-3.3470000000000253 16530.0 13426.04 50000
-4.739199999999945 2608.0 13139.86 50000
-3.8079999999998595 11920.0 13189.97 50000
-4.068000000000253 9320.0 13155.85 50000
-3.147099999999771 18529.0 13336.08 50000
-3.2486000000001316 17514.0 13327.9 50000
-4.678599999999942 3214.0 13284.88 50000
-4.01739999999974 9826.0 13359.11 50000
-2.5964999999999216 24035.0 13331.99 50000
-3.858900000000168 11411.0 13308.01 50000
-3.10770000000001 18923.0 13353.12 50000
-0.39299999999987645 46070.0 13767.74 50000
-4.539199999999905 4608.0 13544.38 50000
-4.069200000000044 9308.0 13500.36 50000
-4.187900000000016 8121.0 13467.42 50000
-4.61940000000008 3806.0 13383.15 50000
-4.959899999999971 401.0 13317.05 50000
-4.068399999999922 9316.0 12997.78 50000
-4.478699999999989 5213.0 12989.68 50000
-4.899799999999972 1002.0 12826.44 50000
-3.517400000000164 14826.0 12694.57 50000
-4.678900000000013 3211.0 12645.59 50000
-0.8054999999998723 41945.0 12963.91 50000
-4.779000000000046 2210.0 12865.82 50000
-3.297800000000149 17022.0 12872.76 50000
-1.9477000000000928 30523.0 13177.99 50000
-4.348899999999971 6511.0 13144.99 50000
-3.4176999999997775 15823.0 13070.82 50000
-4.3292999999999875 6707.0 13137.89 50000
-3.838899999999825 11611.0 13213.92 50000
-4.159399999999971 8406.0 13220.8 50000
-4.539600000000006 4604.0 13161.65 50000
-3.176199999999635 18238.0 12918.78 50000
-4.738699999999863 2613.0 12796.59 50000
-4.149200000000226 8508.0 12842.64 50000
-3.7563000000000275 12437.0 12707.75 50000
-4.299099999999941 7009.0 12551.69 50000
-4.628900000000157 3711.0 12484.65 50000
-4.6195000000000555 3805.0 12440.65 50000
-4.539000000000002 4610.0 12412.6 50000
-2.947299999999826 20527.0 12541.71 50000
-4.568500000000098 4315.0 12581.84 50000
-4.169200000000156 8308.0 12664.92 50000
-4.068400000000292 9316.0 12758.08 50000
-3.917999999999785 10820.0 12686.04 50000
-4.869400000000021 1306.0 12646.04 50000
-4.108200000000124 8918.0 12608.06 50000
-4.9999999999999485 0.0 12479.81 50000
-4.489500000000231 5105.0 12445.67 50000
0.7861999999999914 57862.0 12916.96 50000
-2.5483999999998077 24516.0 13012.86 50000
-2.0577000000000987 29423.0 13251.96 50000
-3.078499999999851 19215.0 13196.93 50000
-1.956200000000404 30438.0 13384.16 50000
-3.258699999999867 17413.0 13440.19 50000
-4.469399999999868 5306.0 13241.67 50000
-4.9999999999999485 0.0 12520.07 50000
-4.608700000000166 3913.0 12367.98 50000
-4.199000000000393 8010.0 12415.05 50000
-4.850000000000032 1500.0 12344.97 50000
-3.0187000000002224 19813.0 12446.92 50000
-4.297900000000206 7021.0 12440.09 50000
-2.144300000000129 28557.0 12660.46 50000
-4.258700000000061 7413.0 12693.5 50000
-2.266300000000044 27337.0 12897.73 50000
-3.9380000000000215 10620.0 12407.23 50000
-3.00640000000044 19936.0 12511.41 50000
-4.458399999999985 5416.0 12420.41 50000
-3.697899999999908 13021.0 12075.31 50000
-4.016900000000174 9831.0 12116.48 50000
-4.259400000000067 7406.0 12090.34 50000
-4.339399999999901 6606.0 11944.21 50000
-4.507699999999883 4923.0 11605.11 50000
-3.4378000000000744 15622.0 11703.16 50000
-3.707699999999772 12923.0 11706.23 50000
-3.9284999999998376 10715.0 11732.29 50000
-4.058900000000038 9411.0 11672.17 50000
-4.338700000000024 6613.0 11655.19 50000
-4.2094000000000875 7906.0 11697.17 50000
-4.9999999999999485 0.0 11517.93 50000
-4.608500000000018 3915.0 11481.04 50000
-4.169399999999953 8306.0 11448.91 50000
-4.277400000000295 7226.0 11403.03 50000
-3.698099999999832 13019.0 11411.05 50000
-2.8657999999997337 21342.0 11550.36 50000
-4.7596000000000505 2404.0 11456.21 50000
-4.269300000000102 7307.0 11403.19 50000
-4.439000000000065 5610.0 11430.25 50000
-3.9787999999998567 10212.0 11253.07 50000
-4.318299999999883 6817.0 11161.06 50000
-4.589200000000008 4108.0 11192.08 50000
-4.4690999999999885 5309.0 11230.16 50000
-3.0676000000000063 19324.0 11391.28 50000
-3.758199999999868 12418.0 11482.43 50000
-4.269000000000066 7310.0 11539.46 50000
-4.799700000000006 2003.0 11430.32 50000
-4.508900000000008 4911.0 11401.28 50000
-2.116799999999798 28832.0 11532.37 50000
-4.137699999999934 8623.0 11409.18 50000
-4.378800000000078 6212.0 11385.14 50000
-4.009500000000079 9905.0 11318.89 50000
-4.79980000000004 2002.0 11312.83 50000
-4.028600000000306 9714.0 11290.77 50000
-4.309399999999936 6906.0 11266.63 50000
-4.688400000000081 3116.0 11112.5 50000
-4.439499999999908 5605.0 10993.41 50000
-0.7969999999998918 42030.0 11381.57 50000
-3.9184000000000347 10816.0 11391.47 50000
-3.727799999999765 12722.0 11278.34 50000
-4.519500000000039 4805.0 11212.28 50000
-4.368899999999944 6311.0 11086.16 50000
-4.188700000000019 8113.0 10706.59 50000
-4.9999999999999485 0.0 10660.51 50000
-3.617099999999691 13829.0 10705.72 50000
-4.058399999999815 9416.0 10718.67 50000
-4.348199999999878 6518.0 10745.79 50000
-4.969799999999966 302.0 10744.8 50000
-2.5481999999999214 24518.0 10896.82 50000
-4.749500000000087 2505.0 10869.74 50000
-4.54859999999986 4514.0 10904.86 50000
-4.369800000000039 6302.0 10819.62 50000
-3.948200000000175 10518.0 10892.69 50000
-4.297800000000164 7022.0 10543.46 50000
-1.7155999999999052 32844.0 10849.8 50000
-3.177299999999744 18227.0 10861.85 50000
-3.8880999999997603 11119.0 10667.81 50000
-4.5992000000000095 4008.0 10642.78 50000
-4.038899999999856 9611.0 10580.66 50000
-4.308700000000013 6913.0 10582.72 50000
-4.578499999999917 4215.0 10508.76 50000
-4.006799999999813 9932.0 10524.02 50000
-4.5994000000000534 4006.0 10518.04 50000
-2.1262999999999828 28737.0 10623.03 50000
-3.66879999999992 13312.0 10730.02 50000
-4.648900000000037 3511.0 10680.05 50000
-4.729500000000037 2705.0 10582.73 50000
-4.929799999999945 702.0 10519.66 50000
-4.709800000000027 2902.0 10511.57 50000
-4.119199999999885 8808.0 10561.6 50000
-4.198500000000144 8015.0 10595.65 50000
-3.07839999999985 19216.0 10582.54 50000
-1.8761000000000252 31239.0 10851.78 50000
-4.347200000000115 6528.0 10833.98 50000
-2.808400000000088 21916.0 10959.98 50000
-4.108599999999828 8914.0 10940.92 50000
-2.7370999999999115 22629.0 11154.15 50000
-3.868500000000093 11315.0 11178.12 50000
-4.2979000000001575 7021.0 11248.33 50000
-3.799199999999855 12008.0 11317.36 50000
-2.188200000000169 28118.0 11019.92 50000
-4.599300000000089 4007.0 10814.83 50000
-4.548600000000029 4514.0 10565.74 50000
-3.988300000000114 10117.0 10474.76 50000
-4.418899999999909 5811.0 10228.49 50000
-3.9380000000000814 10620.0 10160.56 50000
-3.4071000000001885 15929.0 10266.79 50000
-4.156500000000257 8435.0 10351.14 50000
-4.128200000000083 8718.0 10399.19 50000
-4.169700000000152 8303.0 10402.12 50000
-4.078200000000169 9218.0 10479.3 50000
-4.669700000000132 3303.0 10314.2 50000
-4.739100000000094 2609.0 10270.08 50000
-4.048100000000477 9519.0 10079.7 50000
-4.679600000000017 3204.0 10037.61 50000
-4.459100000000249 5409.0 9818.33 50000
-4.468599999999963 5314.0 9765.27 50000
-4.749300000000005 2507.0 9590.98 50000
-4.9999999999999485 0.0 9536.82 50000
-4.48879999999988 5112.0 9457.73 50000
-4.469300000000244 5307.0 9412.49 50000
-3.647800000000011 13522.0 9473.65 50000
-3.5675999999999197 14324.0 9550.83 50000
-4.299400000000338 7006.0 9571.66 50000
-4.528999999999912 4710.0 9462.54 50000
-3.5977000000002364 14023.0 9473.54 50000
-3.7590999999998695 12409.0 9490.48 50000
-3.9590000000001013 10410.0 9500.47 50000
-4.188700000000182 8113.0 9515.47 50000
-4.017400000000339 9826.0 9534.67 50000
-4.047999999999964 9520.0 9629.87 50000
-4.238000000000137 7620.0 9666.92 50000
-4.809500000000007 1905.0 9602.91 50000
-4.519799999999989 4802.0 9578.67 50000
-1.507100000000187 34929.0 9797.77 50000
-2.726000000000179 22740.0 9811.75 50000
-4.468500000000077 5315.0 9840.86 50000
-4.56940000000008 4306.0 9810.85 50000
-2.1381999999999914 28618.0 10040.93 50000
-3.9778000000002667 10222.0 10041.03 50000
-2.8076999999999006 21923.0 10192.09 50000
-2.82729999999983 21727.0 10368.28 50000
2.064800000000119 70648.0 11021.67 50000
-4.407999999999896 5920.0 10887.63 50000
-3.3482000000001273 16518.0 10928.63 50000
-1.5360999999999212 34639.0 11201.92 50000
-3.74830000000039 12517.0 11307.06 50000
-3.86799999999993 11320.0 11371.15 50000
-4.648900000000044 3511.0 11117.94 50000
-2.578600000000145 24214.0 11273.85 50000
0.31320000000001447 53132.0 11743.05 50000
-4.318299999999921 6817.0 11712.17 50000
-2.227699999999983 27723.0 11969.38 50000
-3.2167999999998065 17832.0 12050.56 50000
-3.2374000000000622 17626.0 12157.76 50000
-3.788199999999781 12118.0 12247.78 50000
-4.959699999999971 403.0 12195.76 50000
-4.307999999999935 6920.0 11844.66 50000
-3.7890999999999186 12109.0 11857.59 50000
-4.068400000000036 9316.0 11823.53 50000
-4.919999999999993 800.0 11783.48 50000
-2.5292999999999015 24707.0 11967.44 50000
-1.7583000000000524 32417.0 12210.48 50000
-4.3889999999999905 6110.0 12271.58 50000
-4.269399999999942 7306.0 12206.35 50000
-4.238999999999868 7610.0 12188.29 50000
-3.2381999999997895 17618.0 12299.29 50000
-2.478800000000065 25212.0 12548.39 50000
-3.258100000000017 17419.0 12477.4 50000
-4.279199999999885 7208.0 12524.43 50000
-2.878100000000339 21219.0 12691.48 50000
-3.3181000000002316 16819.0 12796.65 50000
-4.089200000000028 9108.0 12782.55 50000
-4.549399999999924 4506.0 12757.39 50000
-2.3977999999996946 26022.0 12689.17 50000
-4.5194000000000925 4806.0 12554.96 50000
-4.779499999999914 2205.0 12465.82 50000
-4.298800000000027 7012.0 12495.86 50000
-4.689300000000056 3107.0 12430.82 50000
-4.579399999999929 4206.0 12403.75 50000
-3.2681999999997755 17318.0 12534.78 50000
-1.3068999999999713 36931.0 12804.77 50000
-1.6273999999999975 33726.0 13101.97 50000
-4.759099999999929 2409.0 12838.69 50000
-3.908300000000113 10917.0 12814.74 50000
-2.656300000000223 23437.0 13014.0 50000
-4.819599999999989 1804.0 13004.99 50000
-3.0087999999999178 19912.0 13197.09 50000
-4.789800000000025 2102.0 13189.09 50000
-4.4955999999996425 5044.0 13151.45 50000
-3.5682999999997596 14317.0 13214.47 50000
-4.5681000000000465 4319.0 13065.5 50000
-4.819399999999859 1806.0 12771.17 50000
-4.27699999999984 7230.0 12778.19 50000
-3.277499999999841 17225.0 12731.28 50000
-4.619500000000043 3805.0 12680.19 50000
-4.588899999999991 4111.0 12495.01 50000
-4.2888999999999715 7111.0 12452.97 50000
-2.818400000000116 21816.0 12600.92 50000
-4.46930000000003 5307.0 12533.91 50000
-3.638299999999899 13617.0 12388.9 50000
-2.8185999999998916 21814.0 12566.97 50000
-4.458599999999987 5414.0 12575.97 50000
-2.0963999999999814 29036.0 12765.16 50000
-2.8477999999997348 21522.0 12922.27 50000
-1.938599999999908 30614.0 13122.21 50000
-4.628699999999962 3713.0 13000.05 50000
-4.258100000000154 7419.0 12989.89 50000
-4.117700000000187 8823.0 12990.94 50000
-4.29739999999996 7026.0 12978.17 50000
-4.478599999999994 5214.0 12938.13 50000
-3.7687999999999753 12312.0 13028.22 50000
-4.689000000000085 3110.0 13033.23 50000
-3.65919999999999 13408.0 13072.12 50000
-3.52660000000037 14734.0 13187.42 50000
-3.1568999999996477 18431.0 13317.64 50000
-3.34830000000016 16517.0 13429.67 50000
-2.9060000000003976 20940.0 13614.0 50000
-4.5193999999998145 4806.0 13662.06 50000
-4.069099999999863 9309.0 13704.03 50000
-3.3978000000000375 16022.0 13811.18 50000
-4.458600000000098 5414.0 13730.1 50000
-4.9999999999999485 0.0 13586.86 50000
-4.047900000000266 9521.0 13612.01 50000
-3.8178999999999883 11821.0 13683.12 50000
-4.9999999999999485 0.0 13542.89 50000
-3.8375000000002237 11625.0 13535.05 50000
-4.448900000000065 5511.0 13486.06 50000
-4.516700000000266 4833.0 13453.26 50000
-4.198799999999984 8012.0 13435.12 50000
-4.048700000000034 9513.0 13435.05 50000
-2.7386000000000235 22614.0 13584.99 50000
-4.0986000000000065 9014.0 13656.08 50000
-3.9381999999997537 10618.0 13714.24 50000
-4.218599999999867 7814.0 13443.09 50000
-3.6875999999998688 13124.0 13346.93 50000
-4.569199999999878 4308.0 13336.86 50000
-4.66909999999993 3309.0 13326.89 50000
-3.747400000000066 12526.0 13165.97 50000
-4.7495000000000545 2505.0 13088.8 50000
-4.239100000000079 7609.0 12945.66 50000[113, 40, 19, 22, 70, 545]
-4.499399999999973 5006.0 5006.0 50000
[207, 97, 35, 60, 126, 1163]
-4.568999999999922 4310.0 4658.0 50000
[380, 190, 83, 98, 222, 2074]
-3.857800000000127 11422.0 6912.666666666667 50000
[867, 467, 179, 214, 509, 4948]
-0.6153999999999327 43846.0 16146.0 50000
[396, 185, 77, 111, 226, 2124]
-4.046100000000219 9539.0 14824.6 50000
[293, 231, 78, 33, 181, 1801]
-3.6987000000001684 13013.0 14522.666666666666 50000
[470, 368, 130, 41, 311, 3078]
-3.9974999999999774 10025.0 13880.142857142857 50000
[153, 121, 40, 15, 108, 905]
-4.469199999999933 5308.0 12808.625 50000
[374, 263, 92, 45, 222, 2111]
-3.495700000000178 15043.0 13056.888888888889 50000
[188, 141, 49, 26, 101, 1027]
-4.079000000000054 9210.0 12672.2 50000
[441, 352, 131, 74, 126, 2144]
-2.7184999999998074 22815.0 13594.272727272728 50000
[177, 174, 58, 20, 69, 989]
-4.699300000000006 3007.0 12712.0 50000
[261, 207, 84, 43, 88, 1221]
-4.428600000000129 5714.0 12173.692307692309 50000
[434, 320, 150, 52, 148, 2089]
-3.0484000000001723 19516.0 12698.142857142857 50000
[243, 181, 78, 38, 71, 1110]
-4.088599999999834 9114.0 12459.2 50000
[413, 326, 122, 77, 126, 1754]
-3.5079000000002174 14921.0 12613.0625 50000
[288, 227, 82, 56, 94, 1356]
-3.959400000000166 10406.0 12483.235294117647 50000
[476, 371, 125, 85, 190, 2234]
-4.107899999999689 8921.0 12285.333333333334 50000
[1097, 918, 329, 212, 335, 5363]
-1.8359999999999705 31640.0 13304.0 50000
[208, 142, 60, 38, 82, 1002]
-4.648900000000059 3511.0 12814.35 50000
[575, 380, 113, 217, 158, 2329]
-2.4571000000001004 25429.0 13415.047619047618 50000
[572, 350, 116, 195, 167, 2168]
-2.5284000000000546 24716.0 13928.727272727272 50000
[516, 357, 100, 177, 157, 2140]
-3.6482000000001773 13518.0 13910.869565217392 50000
[890, 558, 198, 315, 262, 3455]
-0.5468999999998333 44531.0 15186.708333333334 50000
[531, 377, 120, 189, 167, 2226]
-3.2285999999999624 17714.0 15287.8 50000
[166, 274, 17, 81, 28, 1103]
-4.50919999999993 4908.0 14888.576923076924 50000
[193, 271, 23, 80, 30, 1108]
-3.669099999999995 13309.0 14830.074074074075 50000
[93, 103, 8, 36, 24, 458]
-4.629099999999938 3709.0 14432.892857142857 50000
[180, 308, 17, 79, 26, 1324]
-4.408599999999787 5914.0 14139.137931034482 50000
[157, 242, 13, 60, 30, 1116]
-4.338799999999838 6612.0 13888.233333333334 50000
[323, 686, 52, 55, 34, 2647]
-2.716900000000176 22831.0 14176.709677419354 50000
[104, 225, 17, 20, 6, 858]
-4.698799999999921 3012.0 13827.8125 50000
[236, 534, 44, 31, 23, 2065]
-0.6487000000001556 43513.0 14727.363636363636 50000
[121, 294, 18, 25, 14, 1067]
-4.648900000000021 3511.0 14397.470588235294 50000
[263, 635, 41, 49, 30, 2366]
-3.7187000000001413 12813.0 14352.2 50000
[439, 774, 52, 115, 69, 3189]
-2.4167000000001075 25833.0 14671.111111111111 50000
[197, 432, 30, 58, 27, 1777]
-4.349199999999903 6508.0 14450.486486486487 50000
[165, 327, 26, 53, 30, 1501]
-4.289900000000093 7101.0 14257.078947368422 50000
[378, 808, 53, 117, 45, 3154]
-2.9450000000002485 20550.0 14418.435897435897 50000
[151, 232, 24, 47, 22, 935]
-3.5393000000001082 14607.0 14423.15 50000
[372, 810, 80, 52, 68, 3189]
-2.838500000000123 21615.0 14598.560975609756 50000
[118, 323, 31, 17, 11, 1162]
-4.598999999999964 4010.0 14346.452380952382 50000
[174, 319, 31, 19, 13, 1247]
-4.198799999999999 8012.0 14199.139534883721 50000
[126, 261, 29, 9, 20, 941]
-4.35939999999989 6406.0 14022.022727272728 50000
[638, 1270, 139, 79, 80, 4768]
-0.8053999999999217 41946.0 14642.555555555555 50000
[349, 734, 47, 50, 48, 2678]
-3.576400000000317 14236.0 14633.717391304348 50000
[167, 296, 19, 23, 26, 1236]
-4.458900000000102 5411.0 14437.489361702128 50000
[196, 415, 29, 30, 29, 1592]
-4.487899999999814 5121.0 14243.395833333334 50000
[243, 436, 34, 31, 41, 1764]
-3.4675999999998495 15324.0 14265.448979591836 50000
[330, 812, 48, 58, 47, 3053]
-4.056700000000361 9433.0 14168.8 50000
[245, 379, 43, 48, 39, 1396]
-4.21789999999985 7821.0 14044.333333333334 50000
[143, 237, 27, 17, 34, 920]
-4.849299999999856 1507.0 13803.23076923077 50000
[341, 556, 64, 64, 70, 2057]
-3.9375999999998426 10624.0 13743.245283018869 50000
[180, 235, 43, 41, 29, 902]
-4.719399999999883 2806.0 13540.703703703704 50000
[340, 459, 43, 65, 60, 1850]
-3.7984000000000173 12016.0 13512.981818181817 50000
[352, 329, 95, 38, 54, 1340]
-4.228999999999894 7710.0 13409.357142857143 50000
[560, 557, 175, 62, 74, 2012]
-4.33889999999997 6611.0 13290.087719298246 50000
[280, 320, 96, 31, 38, 1090]
-4.32870000000015 6713.0 13176.689655172413 50000
[307, 243, 69, 40, 42, 1062]
-4.359199999999988 6408.0 13061.966101694916 50000
[375, 386, 93, 44, 56, 1409]
-4.127599999999828 8724.0 12989.666666666666 50000
[523, 677, 71, 59, 80, 2559]
-2.616899999999877 23831.0 13167.393442622952 50000
[204, 366, 27, 29, 28, 1391]
-4.108099999999881 8919.0 13098.870967741936 50000
[329, 510, 40, 57, 50, 1955]
-3.4077000000002284 15923.0 13143.698412698413 50000
[116, 200, 10, 24, 24, 753]
-4.678799999999887 3212.0 12988.515625 50000
[293, 403, 33, 60, 55, 1568]
-3.5579000000001857 14421.0 13010.553846153845 50000
[144, 176, 25, 20, 37, 626]
-4.639399999999986 3606.0 12868.060606060606 50000
[246, 290, 41, 40, 38, 1150]
-4.478500000000081 5215.0 12753.835820895523 50000
[838, 1040, 120, 101, 140, 3862]
-0.5658000000000104 44342.0 13218.367647058823 50000
[589, 669, 94, 88, 90, 2639]
-2.9677000000002915 20323.0 13321.333333333334 50000
[226, 300, 32, 31, 44, 1087]
-4.499099999999889 5009.0 13202.585714285715 50000
[233, 212, 51, 37, 31, 750]
-4.879299999999983 1207.0 13033.633802816901 50000
[177, 154, 30, 25, 28, 543]
-4.548999999999926 4510.0 12915.25 50000
[478, 335, 109, 70, 70, 1362]
-3.498999999999796 15010.0 12943.945205479453 50000
[696, 567, 135, 76, 115, 2050]
-3.428099999999962 15719.0 12981.445945945947 50000
[946, 856, 179, 101, 162, 3210]
-3.4076000000000763 15924.0 13020.68 50000
[280, 264, 24, 35, 33, 899]
-4.579399999999921 4206.0 12904.697368421053 50000
[198, 130, 26, 21, 35, 477]
-4.778900000000017 2211.0 12765.818181818182 50000
[431, 307, 52, 43, 74, 1120]
-4.258099999999974 7419.0 12697.26923076923 50000
[606, 436, 79, 62, 117, 1585]
-4.038299999999978 9617.0 12658.278481012658 50000
[350, 255, 42, 25, 65, 994]
-4.7595000000000915 2405.0 12530.1125 50000
[733, 494, 109, 55, 89, 1810]
-2.867200000000107 21328.0 12638.728395061727 50000
[287, 183, 38, 17, 28, 691]
-4.779199999999999 2208.0 12511.524390243903 50000
[513, 322, 80, 38, 42, 1286]
-3.868400000000099 11316.0 12497.12048192771 50000
[900, 550, 143, 67, 121, 2117]
-3.9482000000001487 10518.0 12473.559523809523 50000
[1216, 742, 180, 98, 110, 2943]
-2.655999999999993 23440.0 12602.576470588236 50000
[1825, 1065, 230, 157, 376, 3703]
-1.575200000000106 34248.0 12854.267441860466 50000
[606, 336, 93, 73, 125, 1254]
-3.60850000000004 13915.0 12866.459770114943 50000
[831, 478, 90, 73, 156, 1772]
-3.718399999999987 12816.0 12865.886363636364 50000
[340, 182, 46, 32, 68, 725]
-4.549000000000056 4510.0 12772.0 50000
[485, 253, 70, 37, 64, 1019]
-3.698699999999986 13013.0 12774.677777777777 50000
[224, 111, 11, 7, 1, 527]
-4.849599999999992 1504.0 12650.824175824177 50000
[322, 187, 8, 22, 12, 760]
-4.00889999999996 9911.0 12621.04347826087 50000
[863, 551, 34, 38, 24, 2208]
-3.9780000000001565 10220.0 12595.225806451614 50000
[302, 166, 13, 19, 14, 685]
-4.509499999999939 4905.0 12513.41489361702 50000
[1394, 857, 59, 55, 33, 3397]
-1.9065000000002976 30935.0 12707.326315789474 50000
[1318, 742, 42, 58, 57, 3154]
-2.9176000000001308 20824.0 12791.875 50000
[771, 409, 25, 23, 32, 1775]
-4.018100000000273 9819.0 12761.226804123711 50000
[370, 220, 10, 15, 15, 883]
-4.399400000000125 6006.0 12692.295918367347 50000
[441, 239, 14, 27, 31, 985]
-3.9793999999998886 10206.0 12667.181818181818 50000
[726, 449, 29, 37, 34, 1726]
-3.518100000000058 14819.0 12688.7 50000
[1066, 562, 35, 87, 71, 2384]
-3.14720000000013 18528.0 12823.92 50000
[272, 158, 13, 29, 23, 599]
-4.809600000000131 1904.0 12799.86 50000
[902, 524, 28, 89, 88, 1963]
-3.2272000000001606 17728.0 12862.92 50000
[892, 522, 35, 65, 62, 2009]
-3.0571999999997823 19428.0 12618.74 50000
[627, 389, 27, 53, 55, 1460]
-3.7586000000001163 12414.0 12647.49 50000
[1115, 597, 52, 254, 214, 1893]
-3.8977999999996205 11022.0 12627.58 50000
[761, 477, 39, 172, 105, 1466]
-3.8082999999998886 11917.0 12646.5 50000
[850, 379, 48, 177, 124, 1450]
-3.588100000000212 14119.0 12734.61 50000
[598, 347, 25, 154, 88, 1105]
-3.90920000000022 10908.0 12693.26 50000
[789, 459, 38, 152, 111, 1537]
-4.108499999999922 8915.0 12690.31 50000
[718, 470, 38, 70, 67, 1563]
-3.408099999999843 15919.0 12621.35 50000
[416, 256, 22, 45, 39, 884]
-4.249399999999965 7506.0 12666.34 50000
[916, 514, 40, 96, 86, 1817]
-4.185500000000149 8145.0 12690.65 50000
[401, 251, 20, 50, 56, 789]
-4.68879999999998 3112.0 12526.61 50000
[965, 533, 48, 110, 98, 1880]
-2.7574000000004024 22426.0 12659.73 50000
[301, 168, 22, 56, 62, 447]
-4.819100000000068 1809.0 12528.61 50000
[654, 352, 49, 136, 114, 991]
-4.188500000000178 8115.0 12505.7 50000
[418, 267, 20, 93, 56, 775]
-4.72989999999993 2701.0 12443.5 50000
[315, 178, 27, 63, 50, 529]
-4.419700000000036 5803.0 12185.13 50000
[1040, 636, 67, 218, 141, 1814]
-1.7572000000000836 32428.0 12474.3 50000
[1018, 666, 97, 227, 175, 1613]
-3.6481999999998163 13518.0 12355.19 50000
[344, 232, 37, 87, 63, 520]
-4.799200000000048 2008.0 12128.11 50000
[986, 652, 78, 213, 153, 1544]
-3.0787999999999247 19212.0 12185.05 50000
[2038, 1320, 193, 416, 371, 3104]
0.5150999999999011 55151.0 12291.25 50000
[1359, 915, 123, 292, 247, 2120]
-2.676799999999907 23232.0 12346.43 50000
[454, 322, 38, 117, 55, 814]
-4.3691000000000795 6309.0 12360.44 50000
[350, 237, 28, 98, 52, 625]
-4.589100000000051 4109.0 12268.44 50000
[668, 460, 65, 172, 89, 1134]
-3.428599999999952 15714.0 12388.49 50000
[518, 364, 55, 101, 63, 943]
-4.07899999999991 9210.0 12421.45 50000
[292, 230, 23, 99, 49, 481]
-4.749800000000028 2502.0 12380.35 50000
[1014, 781, 81, 211, 110, 1770]
-3.216600000000013 17834.0 12330.38 50000
[754, 517, 62, 138, 75, 1316]
-3.2374999999997986 17625.0 12476.51 50000
[1555, 1081, 125, 341, 166, 2643]
-0.13599999999993315 48640.0 12527.78 50000
[596, 452, 37, 146, 87, 925]
-4.068500000000009 9315.0 12585.82 50000
[443, 314, 38, 94, 56, 764]
-4.329199999999978 6708.0 12524.77 50000
[1512, 1289, 104, 294, 116, 2676]
-1.9062999999997885 30937.0 12575.81 50000
[1257, 939, 106, 264, 109, 2195]
-2.8673000000003364 21327.0 12724.0 50000
[564, 434, 39, 138, 52, 986]
-4.557999999999966 4420.0 12697.19 50000
[494, 395, 33, 121, 41, 922]
-4.607899999999808 3921.0 12530.9 50000
[432, 315, 38, 92, 40, 740]
-4.479400000000058 5206.0 12436.89 50000
[338, 262, 21, 64, 23, 616]
-4.659200000000107 3408.0 12254.82 50000
[454, 353, 18, 85, 24, 832]
-4.0383000000001035 9617.0 12310.89 50000
[874, 666, 53, 132, 74, 1494]
-4.36799999999974 6320.0 12293.97 50000
[217, 142, 10, 38, 16, 370]
-4.589800000000021 4102.0 12270.93 50000
[557, 407, 25, 99, 34, 1025]
-4.578899999999917 4211.0 11893.58 50000
[391, 278, 35, 58, 46, 640]
-4.728900000000092 2711.0 11778.33 50000
[329, 237, 23, 66, 38, 551]
-4.859100000000005 1409.0 11738.31 50000
[370, 268, 27, 51, 26, 634]
-4.548500000000054 4515.0 11732.25 50000
[2614, 1926, 178, 397, 243, 4595]
3.726700000000095 87267.0 12451.68 50000
[705, 529, 42, 112, 58, 1258]
-4.339000000000149 6610.0 12423.45 50000
[1088, 785, 140, 228, 118, 1777]
-3.6881999999997066 13118.0 12476.42 50000
[1376, 928, 163, 276, 175, 2115]
-1.5565999999998577 34434.0 12805.69 50000
[930, 649, 117, 188, 127, 1378]
-3.82820000000026 11718.0 12816.63 50000
[911, 601, 113, 185, 121, 1399]
-3.587699999999806 14123.0 12929.8 50000
[818, 518, 101, 148, 105, 1204]
-4.148200000000022 8518.0 12894.82 50000
[1185, 878, 233, 178, 188, 1534]
-3.4282000000001944 15718.0 12974.9 50000
[1032, 731, 227, 140, 148, 1324]
-3.6055999999999986 13944.0 13048.23 50000
[519, 315, 76, 71, 49, 729]
-4.198500000000022 8015.0 13061.25 50000
[854, 597, 184, 119, 124, 1055]
-4.056900000000172 9431.0 13091.48 50000
[392, 296, 65, 66, 54, 565]
-4.589199999999918 4108.0 13045.32 50000
[2015, 1434, 415, 282, 292, 2893]
-2.6650999999996934 23349.0 13040.5 50000
[818, 511, 154, 99, 99, 1182]
-4.378399999999892 6216.0 13013.47 50000
[397, 294, 80, 45, 41, 568]
-4.608399999999929 3916.0 12893.4 50000
[480, 288, 95, 78, 74, 626]
-4.6495000000000895 3505.0 12896.33 50000
[843, 589, 195, 120, 109, 1170]
-4.52810000000004 4719.0 12799.31 50000
[1201, 818, 255, 146, 174, 1534]
-3.8650000000002267 11350.0 12876.75 50000
[895, 645, 176, 112, 102, 1263]
-4.068200000000312 9318.0 12917.78 50000
[973, 728, 198, 121, 113, 1376]
-4.318499999999879 6815.0 12542.51 50000
[1438, 1103, 298, 176, 175, 2021]
-1.5663000000001475 34337.0 12682.65 50000
[946, 676, 189, 136, 125, 1311]
-3.737200000000072 12628.0 12758.84 50000
[951, 700, 166, 153, 103, 1319]
-3.7779000000001175 12221.0 12868.98 50000
[844, 586, 154, 127, 87, 1117]
-3.1285000000000607 18715.0 13011.03 50000
[848, 560, 151, 125, 94, 1068]
-3.017500000000017 19825.0 13059.18 50000
[1819, 1317, 312, 291, 215, 2417]
-2.536000000000425 24640.0 13148.39 50000
[934, 669, 161, 138, 104, 1251]
-3.587799999999843 14122.0 13130.37 50000
[313, 230, 71, 40, 29, 389]
-4.758900000000006 2411.0 13112.42 50000
[717, 554, 123, 98, 68, 907]
-3.848599999999831 11514.0 13205.45 50000
[1283, 1010, 196, 192, 144, 1691]
-2.8166000000000975 21834.0 13349.6 50000
[732, 540, 129, 109, 95, 872]
-3.77810000000015 12219.0 13375.62 50000
[648, 465, 126, 100, 94, 790]
-3.898600000000105 11014.0 13461.71 50000
[1752, 1761, 263, 284, 175, 2095]
-1.844500000000155 31555.0 13563.98 50000
[273, 271, 44, 34, 33, 315]
-4.719099999999989 2809.0 13569.99 50000
[1111, 1095, 172, 171, 112, 1378]
-3.9180000000001196 10820.0 13565.03 50000
[655, 584, 100, 81, 78, 781]
-4.298499999999962 7015.0 13530.0 50000
[1322, 1349, 199, 192, 126, 1605]
-2.796300000000171 22037.0 13515.97 50000
[1130, 1046, 212, 136, 126, 1175]
-3.5981999999999887 14018.0 13313.67 50000
[625, 575, 123, 68, 57, 710]
-4.447999999999958 5520.0 13229.72 50000
[954, 871, 180, 135, 116, 991]
-3.088199999999815 19118.0 13292.74 50000
[1444, 1384, 277, 210, 166, 1505]
-3.7574999999996153 12425.0 13371.89 50000
[435, 430, 95, 53, 42, 481]
-3.839600000000097 11604.0 13357.8 50000
[863, 1055, 129, 53, 58, 983]
-3.618399999999891 13816.0 13480.92 50000
[900, 1086, 129, 69, 57, 992]
-3.497799999999853 15022.0 13532.03 50000
[328, 361, 51, 23, 19, 349]
-4.4194000000000155 5806.0 13487.89 50000
[828, 1114, 111, 70, 55, 948]
-3.99880000000019 10012.0 13538.96 50000
[1511, 1858, 220, 127, 101, 1697]
-2.607399999999805 23926.0 13468.87 50000
[1390, 1936, 95, 104, 58, 1528]
-2.955200000000147 20448.0 13465.11 50000
[1172, 1516, 103, 102, 47, 1357]
-2.927500000000036 20725.0 13574.17 50000
[431, 541, 36, 35, 26, 492]
-4.419600000000114 5804.0 13572.15 50000
[674, 1003, 48, 49, 26, 769]
-4.567500000000079 4325.0 13513.34 50000
[1276, 1705, 102, 98, 50, 1386]
-3.3353000000001667 16647.0 13531.62 50000
[728, 1051, 68, 42, 40, 678]
-4.008099999999835 9919.0 13445.53 50000
[1145, 1702, 110, 87, 80, 991]
-3.567000000000243 14330.0 13569.79 50000
[547, 927, 44, 41, 35, 507]
-4.608499999999888 3915.0 13431.66 50000
[676, 845, 64, 43, 52, 608]
-3.6882999999998227 13117.0 13368.55 50000
[1046, 1858, 79, 63, 58, 976]
-3.7877000000004104 12123.0 13365.64 50000
[690, 1244, 34, 36, 25, 644]
-4.498800000000059 5012.0 13305.54 50000
[250, 458, 10, 8, 6, 233]
-4.869400000000016 1306.0 13199.43 50000
[2209, 3587, 119, 124, 88, 2048]
-3.1031999999998874 18968.0 13247.92 50000
[902, 1502, 55, 62, 36, 819]
-3.776899999999864 12231.0 13261.15 50000
[604, 1049, 36, 35, 20, 580]
-4.149400000000244 8506.0 13257.06 50000
[381, 687, 23, 12, 8, 365]
-4.829099999999928 1709.0 13114.96 50000
[1135, 1855, 69, 54, 50, 959]
-3.187100000000333 18129.0 13221.19 50000
[733, 1345, 35, 30, 39, 670]
-3.6688000000002785 13312.0 13272.86 50000
[1230, 2091, 59, 58, 35, 1168]
-3.0973999999999946 19026.0 13432.0 50000
[460, 841, 31, 19, 17, 387]
-4.448699999999953 5513.0 13262.87 50000
[321, 508, 13, 12, 11, 269]
-4.509300000000062 4907.0 13293.85 50000
[1146, 2289, 50, 20, 21, 927]
-4.147200000000171 8528.0 13297.98 50000
[229, 436, 7, 11, 5, 186]
-4.59929999999992 4007.0 13311.04 50000
[498, 846, 23, 18, 12, 380]
-4.179100000000066 8209.0 13335.1 50000
[754, 1388, 43, 20, 27, 666]
-3.649100000000137 13509.0 13145.91 50000
[318, 611, 14, 9, 9, 268]
-4.409399999999975 5906.0 13069.79 50000
[686, 1207, 26, 21, 18, 571]
-4.048199999999924 9518.0 13144.89 50000
[2124, 3482, 103, 58, 72, 1793]
-0.3528999999998414 46471.0 13417.48 50000
[344, 597, 12, 3, 9, 286]
-4.599499999999986 4005.0 12906.02 50000
[688, 1132, 24, 23, 15, 591]
-3.80859999999995 11914.0 12792.84 50000
[816, 1620, 31, 18, 16, 678]
-3.3784000000001715 16216.0 12891.91 50000
[746, 1425, 25, 24, 15, 641]
-3.9185999999998793 10814.0 12958.96 50000
[530, 1029, 18, 13, 19, 422]
-4.199200000000111 8008.0 12881.9 50000
[897, 1819, 28, 25, 31, 679]
-4.147899999999751 8521.0 12875.01 50000
[501, 1051, 11, 5, 2, 382]
-4.359299999999886 6407.0 12914.06 50000
[461, 927, 12, 7, 15, 329]
-4.32839999999996 6716.0 12802.88 50000
[590, 1280, 17, 12, 8, 480]
-4.46909999999999 5309.0 12679.72 50000
[1177, 2447, 43, 17, 28, 911]
-3.4159000000001485 15841.0 12351.73 50000
[718, 1550, 19, 4, 4, 540]
-4.6278000000000645 3722.0 12295.8 50000
[405, 817, 4, 7, 8, 292]
-4.518899999999997 4811.0 12276.83 50000
[1325, 2506, 57, 23, 31, 1114]
-2.0954999999999058 29045.0 12257.91 50000
[830, 1682, 27, 14, 18, 640]
-4.098100000000242 9019.0 12134.83 50000
[547, 1074, 15, 10, 7, 421]
-4.4986000000000566 5014.0 12140.77 50000
[533, 997, 28, 14, 15, 434]
-4.068699999999984 9313.0 12194.69 50000
[337, 738, 11, 3, 7, 268]
-4.688800000000164 3112.0 12173.75 50000
[576, 1103, 27, 10, 11, 415]
-4.227399999999988 7726.0 12216.93 50000
[711, 1236, 22, 10, 9, 663]
-3.8586000000000653 11414.0 12234.9 50000
[442, 854, 20, 6, 16, 339]
-4.299199999999921 7008.0 12241.78 50000
[309, 576, 11, 4, 11, 217]
-4.549399999999952 4506.0 12245.82 50000
[372, 730, 13, 2, 1, 264]
-4.698399999999968 3016.0 12233.87 50000
[1016, 1914, 30, 11, 21, 749]
-2.2973000000001296 27027.0 12477.03 50000
[466, 902, 19, 6, 8, 323]
-4.258500000000022 7415.0 12537.09 50000
[328, 669, 9, 5, 7, 251]
-4.68929999999998 3107.0 12523.01 50000
[471, 949, 12, 4, 6, 346]
-4.648299999999946 3517.0 11685.51 50000
[1228, 2379, 40, 15, 28, 955]
-3.487199999999623 15128.0 11770.69 50000
[301, 545, 9, 3, 10, 228]
-4.639199999999985 3608.0 11675.59 50000
[457, 901, 23, 13, 16, 365]
-4.099400000000014 9006.0 11421.31 50000
[483, 891, 9, 8, 4, 398]
-3.999299999999974 10007.0 11404.2 50000
[1262, 2447, 41, 18, 26, 970]
-3.7181999999998543 12818.0 11391.15 50000
[750, 1429, 22, 8, 15, 559]
-4.1787999999998515 8212.0 11388.09 50000
[369, 746, 6, 5, 5, 263]
-4.868299999999999 1317.0 11244.08 50000
[631, 1108, 23, 7, 11, 506]
-4.248299999999954 7517.0 11179.81 50000
[769, 1393, 20, 16, 13, 590]
-3.8378999999998507 11621.0 11215.87 50000
[1012, 1989, 40, 15, 26, 756]
-2.677799999999802 23222.0 11353.78 50000
[1088, 2160, 45, 16, 34, 824]
-2.936600000000079 20634.0 11519.04 50000
[902, 1765, 20, 9, 13, 673]
-3.5577999999997676 14422.0 11429.77 50000
[1320, 2408, 31, 20, 15, 952]
-0.24539999999991474 47546.0 11843.07 50000
[717, 1383, 18, 9, 12, 568]
-3.6185000000000147 13815.0 11942.06 50000
[642, 1220, 16, 7, 12, 481]
-4.508700000000097 4913.0 11956.14 50000
[1539, 2884, 38, 19, 35, 1085]
-2.735999999999911 22640.0 12135.35 50000
[715, 1386, 22, 7, 11, 545]
-4.528300000000011 4717.0 12069.02 50000
[596, 1160, 18, 5, 14, 434]
-3.9285999999999275 10714.0 12082.98 50000
[865, 1526, 28, 14, 16, 592]
-4.3481999999999905 6518.0 12080.01 50000
[724, 1421, 13, 12, 6, 521]
-4.118500000000055 8815.0 11824.79 50000
[817, 1631, 39, 14, 16, 577]
-3.8777999999999904 11222.0 11810.73 50000
[1677, 2996, 47, 20, 32, 1227]
-1.3156999999999608 36843.0 12056.95 50000
[773, 1323, 22, 14, 21, 558]
-2.028100000000205 29719.0 12166.99 50000
[587, 1101, 7, 8, 13, 392]
-4.488699999999996 5113.0 12019.87 50000
[639, 1229, 20, 6, 8, 427]
-4.188800000000236 8112.0 11854.59 50000
[605, 1098, 15, 14, 15, 444]
-4.308899999999913 6911.0 11782.48 50000
[499, 934, 14, 12, 9, 361]
-4.337200000000174 6628.0 11824.65 50000
[896, 1677, 30, 15, 22, 623]
-2.6981999999999107 23018.0 11939.69 50000
[303, 681, 9, 3, 6, 233]
-4.770000000000003 2300.0 11744.35 50000
[514, 949, 16, 11, 11, 358]
-4.0887999999998845 9112.0 11713.28 50000
[683, 1385, 13, 8, 13, 503]
-4.45819999999981 5418.0 11657.32 50000
[1133, 1945, 41, 20, 32, 788]
-2.916500000000232 20835.0 11550.12 50000
[1018, 1655, 44, 11, 14, 704]
-2.866699999999745 21333.0 11735.36 50000
[558, 1006, 13, 12, 15, 387]
-3.828300000000105 11717.0 11744.33 50000
[714, 1373, 18, 9, 15, 471]
-4.1179000000000405 8821.0 11762.39 50000
[553, 1020, 12, 2, 9, 394]
-4.438099999999931 5619.0 11598.21 50000
[505, 865, 10, 3, 5, 338]
-4.56809999999994 4319.0 11501.22 50000
[549, 995, 19, 5, 10, 377]
-4.328999999999971 6710.0 11513.12 50000
[380, 760, 6, 4, 4, 278]
-4.739499999999954 2605.0 11347.99 50000
[538, 908, 16, 12, 9, 374]
-4.149199999999859 8508.0 11308.82 50000
[1494, 2783, 37, 13, 20, 978]
-2.26679999999992 27332.0 11466.1 50000
[575, 1079, 11, 7, 9, 351]
-4.5291000000000174 4709.0 11375.03 50000
[593, 966, 13, 5, 6, 353]
-4.658399999999925 3416.0 11258.97 50000
[695, 1083, 20, 10, 13, 410]
-4.018199999999847 9818.0 11299.09 50000
[686, 1130, 9, 5, 6, 456]
-4.1480000000001365 8520.0 11284.17 50000
[695, 1133, 14, 4, 8, 429]
-3.5384999999999023 14615.0 11191.06 50000
[1026, 1510, 22, 5, 16, 578]
-4.037800000000332 9622.0 11082.8 50000
[735, 1061, 14, 6, 8, 399]
-4.437600000000128 5624.0 10931.79 50000
[847, 1195, 23, 7, 17, 476]
-4.0481000000001215 9519.0 10968.94 50000
[611, 911, 18, 11, 15, 342]
-4.228599999999871 7714.0 11002.83 50000
[518, 788, 13, 5, 1, 306]
-4.259299999999932 7407.0 10910.43 50000
[736, 1169, 21, 20, 14, 424]
-3.0878999999999626 19121.0 11002.45 50000
[822, 1458, 18, 4, 10, 515]
-4.258300000000136 7417.0 10933.32 50000
[1705, 2692, 47, 28, 31, 1083]
-1.8260999999997807 31739.0 11211.56 50000
[671, 1150, 15, 8, 9, 424]
-3.618899999999813 13811.0 11218.5 50000
[603, 1038, 13, 5, 9, 391]
-4.309000000000013 6910.0 11166.37 50000
[539, 974, 13, 4, 3, 315]
-4.328699999999924 6713.0 11183.38 50000
[664, 1101, 11, 2, 5, 397]
-4.319099999999976 6809.0 11238.41 50000
[456, 776, 10, 3, 3, 283]
-4.4690999999998695 5309.0 11101.82 50000
[911, 1471, 19, 5, 19, 545]
-3.2678000000001144 17322.0 11152.73 50000
[572, 906, 10, 4, 3, 355]
-3.989300000000124 10107.0 11168.74 50000
[311, 530, 4, 2, 1, 194]
-4.789400000000019 2106.0 11172.71 50000
[803, 1313, 18, 12, 7, 542]
-3.8390000000001483 11610.0 11107.52 50000
[573, 979, 18, 7, 6, 341]
-4.498699999999998 5013.0 11024.53 50000
[716, 1173, 21, 1, 12, 467]
-4.2281999999999575 7718.0 10911.45 50000
[896, 1583, 17, 5, 6, 606]
-3.5576999999997554 14423.0 11000.55 50000
[472, 681, 14, 5, 10, 260]
-4.469000000000163 5310.0 11004.58 50000
[609, 829, 6, 1, 2, 359]
-4.247899999999883 7521.0 10994.51 50000
[695, 959, 12, 4, 4, 369]
-4.2884000000001405 7116.0 11025.6 50000
[1064, 1518, 21, 10, 19, 572]
-3.9480000000000524 10520.0 11048.71 50000
[1862, 2697, 53, 20, 19, 1057]
-2.9367000000002377 20633.0 11119.95 50000
[1030, 1701, 31, 5, 18, 685]
-3.3675999999998307 16324.0 11224.13 50000
[472, 798, 3, 1, 5, 294]
-4.758399999999945 2416.0 11153.11 50000
[1004, 1626, 11, 5, 14, 657]
-3.9580000000003084 10420.0 10792.6 50000
[843, 1412, 25, 7, 18, 488]
-4.358599999999881 6414.0 10816.69 50000
[613, 970, 19, 3, 8, 364]
-4.5390999999999915 4609.0 10743.64 50000
[600, 818, 8, 3, 7, 329]
-4.429100000000144 5709.0 10638.57 50000
[279, 338, 5, 1, 3, 143]
-4.779699999999942 2203.0 10552.46 50000
[632, 773, 7, 1, 5, 322]
-4.558999999999986 4410.0 10516.48 50000
[970, 1185, 14, 3, 13, 480]
-4.2582999999999105 7417.0 10505.44 50000
[906, 1163, 19, 3, 6, 496]
-4.388500000000175 6115.0 10502.52 50000
[1103, 1211, 33, 12, 14, 512]
-3.5986999999999707 14013.0 10575.49 50000
[895, 1142, 21, 7, 11, 457]
-3.368299999999866 16317.0 10685.57 50000
[406, 487, 7, 2, 4, 198]
-4.729200000000029 2708.0 10554.24 50000
[584, 772, 10, 2, 3, 308]
-4.0691000000001 9309.0 10610.11 50000
[1714, 2066, 40, 21, 28, 930]
-1.8670000000001916 31330.0 10875.3 50000
[628, 844, 8, 3, 2, 317]
-4.719199999999914 2808.0 10612.93 50000
[343, 423, 5, 2, 4, 149]
-4.5593000000000075 4407.0 10566.81 50000
[2307, 2787, 41, 24, 37, 1173]
-0.4961000000000554 45039.0 10967.06 50000
[397, 442, 4, 2, 2, 213]
-4.689199999999921 3108.0 10905.01 50000
[1355, 1779, 17, 1, 12, 624]
-4.286499999999981 7135.0 10945.24 50000
[537, 572, 11, 1, 1, 239]
-4.64939999999996 3506.0 10903.04 50000
[1713, 1765, 41, 10, 27, 774]
-3.2675999999998178 17324.0 10962.14 50000
[951, 1013, 17, 9, 12, 411]
-3.798399999999865 12016.0 11012.22 50000
[1165, 1112, 20, 9, 9, 510]
-3.948099999999923 10519.0 11072.35 50000
[1218, 1247, 28, 7, 10, 581]
-3.2882000000000193 17118.0 11213.37 50000
[696, 703, 8, 4, 4, 310]
-4.16839999999988 8316.0 11026.26 50000
[1511, 1595, 35, 10, 14, 764]
-1.3573000000001552 36427.0 11316.38 50000
[523, 553, 13, 1, 9, 223]
-4.499499999999977 5005.0 11335.36 50000
[1053, 1136, 12, 3, 4, 492]
-4.258900000000061 7411.0 11374.3 50000
[653, 633, 5, 1, 0, 253]
-4.678599999999889 3214.0 11255.16 50000
[797, 955, 12, 6, 9, 373]
-4.458200000000071 5418.0 11273.26 50000
[1020, 1164, 23, 6, 11, 495]
-3.897199999999921 11028.0 11293.48 50000
[866, 1016, 19, 3, 6, 404]
-4.04930000000014 9507.0 11288.48 50000
[416, 504, 0, 3, 2, 181]
-4.8194000000000505 1806.0 11178.36 50000
[781, 910, 26, 10, 11, 362]
-3.689299999999989 13107.0 11227.31 50000
[2201, 2078, 50, 7, 29, 974]
-0.7752000000000072 42248.0 11636.62 50000
[1452, 1492, 20, 10, 9, 576]
-4.198300000000016 8017.0 11641.62 50000
[832, 856, 23, 10, 14, 369]
-3.718800000000106 12812.0 11653.53 50000
[620, 632, 12, 3, 2, 299]
-4.299200000000127 7008.0 11491.39 50000
[513, 482, 10, 1, 5, 229]
-4.698999999999952 3010.0 11315.15 50000
[551, 483, 7, 0, 4, 210]
-4.709499999999998 2905.0 11199.98 50000
[670, 691, 12, 2, 9, 287]
-4.549399999999879 4506.0 10769.58 50000
[719, 760, 9, 2, 5, 322]
-4.698700000000107 3013.0 10661.56 50000
[676, 697, 12, 2, 5, 281]
-4.3292000000000685 6708.0 10679.51 50000
[1247, 1155, 34, 8, 13, 549]
-2.978099999999857 20219.0 10655.3 50000
[1497, 1799, 28, 9, 12, 672]
-3.7664999999996853 12335.0 10731.48 50000
[825, 973, 17, 14, 5, 397]
-4.358399999999914 6416.0 10688.5 50000
[1141, 1410, 19, 8, 8, 534]
-3.927700000000351 10723.0 10730.55 50000
[1209, 1503, 25, 12, 11, 545]
-3.7072000000000322 12928.0 10771.68 50000
[1025, 1223, 18, 9, 3, 451]
-4.198699999999931 8013.0 10739.59 50000
[935, 879, 17, 8, 6, 406]
-4.218099999999769 7819.0 10449.35 50000
[838, 841, 13, 3, 5, 382]
-4.378899999999945 6211.0 10214.27 50000
[1173, 1152, 33, 5, 19, 489]
-2.728000000000116 22720.0 10390.34 50000
[1075, 1083, 25, 8, 15, 468]
-3.4393000000000042 15607.0 10465.29 50000
[856, 879, 21, 10, 12, 348]
-3.6392999999998272 13607.0 10532.25 50000
[1071, 954, 18, 6, 6, 416]
-4.518299999999875 4817.0 10514.14 50000
[981, 961, 25, 7, 13, 404]
-4.059000000000124 9410.0 10378.06 50000
[1526, 1414, 14, 6, 6, 551]
-3.6874000000000358 13126.0 10486.32 50000
[1489, 1366, 25, 10, 9, 562]
-4.217900000000052 7821.0 10473.41 50000
[1344, 1174, 18, 5, 10, 542]
-2.3473000000000117 26527.0 10684.5 50000
[752, 668, 15, 0, 8, 294]
-4.548599999999891 4514.0 10521.29 50000
[633, 584, 12, 5, 6, 261]
-4.438599999999968 5614.0 10364.1 50000
[500, 470, 8, 4, 3, 191]
-4.489599999999933 5104.0 10297.97 50000
[1545, 1480, 24, 10, 10, 602]
-3.3374000000000996 16626.0 10376.02 50000
[1110, 1015, 15, 4, 7, 374]
-4.668700000000009 3313.0 10352.96 50000
[743, 643, 8, 7, 6, 253]
-4.489099999999973 5109.0 10360.86 50000
[1785, 1601, 35, 15, 10, 737]
-2.916799999999767 20832.0 10502.08 50000
[906, 796, 21, 5, 1, 386]
-4.1086000000000364 8914.0 10565.17 50000
[1703, 1550, 28, 5, 7, 673]
-3.998000000000032 10020.0 10580.29 50000
[441, 349, 2, 0, 2, 159]
-4.67929999999994 3207.0 10339.04 50000
[1443, 1370, 32, 10, 12, 554]
-3.517999999999893 14820.0 10440.15 50000
[1247, 1116, 25, 7, 7, 429]
-4.278400000000151 7216.0 10478.15 50000
[2071, 1865, 51, 18, 29, 732]
-2.4769000000001675 25231.0 10632.28 50000
[1303, 1120, 25, 11, 9, 475]
-3.2676000000001255 17324.0 10720.32 50000
[745, 699, 17, 7, 6, 276]
-4.508299999999845 4917.0 10623.34 50000
[484, 498, 25, 4, 4, 171]
-4.589499999999973 4105.0 10568.17 50000
[691, 598, 9, 5, 3, 276]
-4.51859999999995 4814.0 10560.07 50000
[1809, 1690, 53, 13, 17, 725]
-2.867799999999985 21322.0 10678.1 50000
[1090, 1051, 34, 4, 4, 396]
-4.218099999999858 7819.0 10679.15 50000
[1622, 1380, 44, 9, 19, 580]
-3.4178999999999626 15821.0 10763.29 50000
[1285, 1096, 126, 5, 34, 386]
-4.258599999999981 7414.0 10646.22 50000
[1362, 1135, 112, 12, 27, 440]
-2.728299999999891 22717.0 10799.22 50000
[1035, 937, 97, 4, 23, 302]
-2.599599999999904 24004.0 10721.87 50000
[918, 790, 87, 6, 22, 247]
-4.458899999999929 5411.0 10637.87 50000
[361, 324, 46, 3, 8, 86]
-4.769699999999973 2303.0 10591.8 50000
[1413, 1312, 127, 5, 26, 453]
-3.3487999999999816 16512.0 10689.79 50000
[1536, 1511, 151, 10, 28, 447]
-4.048599999999836 9514.0 10716.84 50000
[935, 847, 88, 8, 18, 284]
-3.9989999999998918 10010.0 10763.85 50000
[973, 951, 103, 8, 15, 298]
-4.528700000000107 4713.0 10637.76 50000
[682, 619, 74, 4, 14, 210]
-4.358600000000073 6414.0 10600.83 50000
[844, 747, 71, 4, 13, 275]
-4.108800000000154 8912.0 10668.89 50000
[336, 306, 29, 0, 0, 72]
-4.8898999999999395 1101.0 10563.8 50000
[1544, 1441, 128, 8, 21, 544]
-4.007399999999864 9926.0 10612.93 50000
[1597, 1466, 139, 7, 14, 469]
-3.497199999999862 15028.0 10686.03 50000
[524, 499, 40, 0, 4, 153]
-4.879500000000042 1205.0 10553.85 50000
[2394, 2154, 125, 19, 30, 796]
-2.996599999999875 20034.0 10701.09 50000
[1799, 1526, 89, 7, 28, 570]
-3.36690000000028 16331.0 10789.19 50000
[1103, 1001, 59, 4, 18, 379]
-4.099000000000188 9010.0 10808.13 50000
[1359, 1254, 66, 5, 11, 496]
-4.137900000000173 8621.0 10789.14 50000
[966, 893, 38, 4, 5, 290]
-4.728600000000042 2714.0 10609.95 50000
[1224, 1094, 44, 2, 7, 414]
-4.088100000000276 9119.0 10537.9 50000
[1329, 1187, 51, 5, 17, 477]
-4.088099999999764 9119.0 10604.93 50000
[1021, 878, 47, 7, 7, 274]
-4.708799999999999 2912.0 10529.85 50000
[910, 789, 42, 6, 11, 311]
-4.398499999999798 6015.0 10525.86 50000
[869, 738, 47, 8, 8, 241]
-4.459100000000003 5409.0 10533.86 50000
[743, 613, 56, 4, 15, 265]
-4.298400000000059 7016.0 10546.93 50000
[863, 763, 60, 5, 12, 275]
-4.568899999999977 4311.0 10568.01 50000
[1287, 1105, 85, 7, 17, 406]
-4.3173000000000235 6827.0 10592.18 50000
[871, 804, 67, 5, 16, 225]
-4.668899999999943 3311.0 10551.12 50000
[1536, 1365, 76, 8, 15, 475]
-3.8584999999997924 11415.0 10604.12 50000
[615, 517, 57, 3, 7, 196]
-4.729300000000002 2707.0 10491.06 50000
[1038, 968, 68, 13, 21, 333]
-3.6187000000000884 13813.0 10466.02 50000
[1294, 1206, 86, 8, 14, 438]
-3.7165999999997776 12834.0 10567.28 50000
[835, 701, 63, 8, 8, 248]
-4.2385000000000135 7615.0 10550.34 50000
[503, 502, 32, 3, 8, 154]
-4.709100000000074 2909.0 10266.13 50000
[1454, 1265, 198, 19, 32, 335]
-3.5976999999997994 14023.0 10378.28 50000
[1535, 1403, 245, 19, 24, 279]
-3.958599999999803 10414.0 10438.35 50000
[585, 515, 71, 5, 10, 125]
-4.509499999999941 4905.0 10037.01 50000
[2575, 2249, 370, 20, 39, 543]
-2.4553000000001712 25447.0 10260.4 50000
[898, 804, 124, 8, 10, 167]
-4.649000000000089 3510.0 10224.15 50000
[1018, 893, 168, 9, 16, 152]
-4.698999999999943 3010.0 10219.19 50000
[1550, 1351, 244, 4, 42, 262]
-3.838600000000099 11614.0 10162.09 50000
[1264, 1091, 179, 6, 24, 266]
-4.217900000000027 7821.0 10120.14 50000
[2132, 1839, 361, 7, 38, 362]
-4.0179999999995655 9820.0 10113.15 50000
[919, 793, 157, 5, 22, 135]
-4.419300000000049 5807.0 10000.04 50000
[1205, 972, 144, 12, 16, 275]
-3.8684000000000927 11316.0 10030.04 50000
[857, 687, 133, 10, 12, 226]
-3.8686000000000345 11314.0 9778.91 50000
[1219, 1081, 165, 17, 11, 300]
-3.468199999999833 15318.0 9882.04 50000
[1037, 919, 155, 6, 4, 195]
-4.419200000000082 5808.0 9866.01 50000
[476, 421, 65, 4, 5, 109]
-4.629100000000061 3709.0 9870.96 50000
[611, 580, 42, 4, 6, 188]
-4.548799999999957 4512.0 9861.9 50000
[1844, 1774, 146, 9, 4, 548]
-3.737300000000199 12627.0 9877.89 50000
[425, 360, 35, 1, 2, 141]
-4.539499999999988 4605.0 9828.87 50000
[1536, 1378, 130, 8, 7, 457]
-3.988499999999767 10115.0 9911.96 50000
[1102, 981, 92, 10, 15, 382]
-3.5785999999999447 14214.0 9923.03 50000
[903, 845, 144, 14, 11, 236]
-3.7489000000001567 12511.0 9625.66 50000
[2085, 1887, 305, 9, 24, 481]
-1.807100000000077 31929.0 9864.78 50000
[1534, 1391, 214, 5, 19, 379]
-3.9668999999997694 10331.0 9839.97 50000
[810, 722, 136, 2, 7, 180]
-4.38889999999991 6111.0 9831.0 50000
[2964, 2622, 449, 13, 21, 606]
-3.262699999999805 17373.0 9974.63 50000
[1711, 1583, 193, 5, 38, 268]
-3.2472999999997154 17527.0 10120.85 50000
[2184, 1950, 225, 15, 46, 484]
-1.5373000000001025 34627.0 10422.06 50000
[705, 619, 92, 6, 13, 107]
-4.409299999999988 5907.0 10451.0 50000
[1387, 1263, 155, 5, 20, 239]
-4.217400000000082 7826.0 10462.18 50000
[1952, 1858, 223, 12, 45, 385]
-3.4279999999997206 15720.0 10417.19 50000
[4905, 4993, 20, 4, 4, 74]
-4.3896000000002875 6104.0 10354.88 50000
[5089, 4911, 0, 0, 0, 0]
-4.9999999999999485 0.0 10290.72 50000
[5037, 4963, 0, 0, 0, 0]
-4.9999999999999485 0.0 10183.49 50000
[5049, 4950, 0, 1, 0, 0]
-4.9999999999999485 0.0 10054.21 50000
[1045, 1136, 39, 5, 9, 141]
-4.388700000000166 6113.0 10035.21 50000
[5032, 4968, 0, 0, 0, 0]
-4.9999999999999485 0.0 9957.02 50000
[5036, 4964, 0, 0, 0, 0]
-4.9999999999999485 0.0 9894.91 50000
[4981, 5019, 0, 0, 0, 0]
-4.9999999999999485 0.0 9667.71 50000
[5018, 4967, 4, 1, 0, 10]
-4.97989999999996 201.0 9513.65 50000
[4979, 5020, 1, 0, 0, 0]
-4.9999999999999485 0.0 9377.58 50000
[4921, 5079, 0, 0, 0, 0]
-4.9999999999999485 0.0 9329.41 50000
[4991, 5009, 0, 0, 0, 0]
-4.9999999999999485 0.0 9235.31 50000
[4956, 5044, 0, 0, 0, 0]
-4.9999999999999485 0.0 9104.05 50000
[5036, 4964, 0, 0, 0, 0]
-4.9999999999999485 0.0 9025.84 50000
[5011, 4989, 0, 0, 0, 0]
-4.9999999999999485 0.0 8760.57 50000
[4956, 5044, 0, 0, 0, 0]
-4.9999999999999485 0.0 8715.43 50000
[5007, 4993, 0, 0, 0, 0]
-4.9999999999999485 0.0 8659.29 50000
[5026, 4968, 3, 0, 0, 3]
-4.999899999999949 1.0 8608.26 50000
[5007, 4983, 1, 1, 0, 8]
-4.969799999999966 302.0 8445.02 50000
[5032, 4968, 0, 0, 0, 0]
-4.9999999999999485 0.0 8411.89 50000
[5023, 4977, 0, 0, 0, 0]
-4.9999999999999485 0.0 8360.8 50000
[4971, 4988, 10, 0, 2, 29]
-4.939499999999982 605.0 8158.53 50000
[5033, 4967, 0, 0, 0, 0]
-4.9999999999999485 0.0 8069.39 50000
[1036, 1087, 17, 5, 11, 150]
-4.478499999999992 5215.0 8021.34 50000
[4969, 5031, 0, 0, 0, 0]
-4.9999999999999485 0.0 7989.27 50000
[4995, 5005, 0, 0, 0, 0]
-4.9999999999999485 0.0 7841.07 50000
[5037, 4963, 0, 0, 0, 0]
-4.9999999999999485 0.0 7768.91 50000
[5004, 4995, 1, 0, 0, 0]
-4.9999999999999485 0.0 7516.6 50000
[4952, 5048, 0, 0, 0, 0]
-4.9999999999999485 0.0 7343.36 50000
[4992, 5007, 0, 1, 0, 0]
-4.9999999999999485 0.0 7294.19 50000
[5041, 4959, 0, 0, 0, 0]
-4.9999999999999485 0.0 7253.14 50000
[5007, 4993, 0, 0, 0, 0]
-4.9999999999999485 0.0 7205.0 50000
[5006, 4993, 0, 1, 0, 0]
-4.9999999999999485 0.0 6991.78 50000
[5066, 4933, 0, 0, 1, 0]
-4.9999999999999485 0.0 6913.59 50000
[5050, 4948, 2, 0, 0, 0]
-4.9999999999999485 0.0 6755.38 50000
[4916, 5082, 1, 0, 1, 0]
-4.9999999999999485 0.0 6681.24 50000
[4923, 5076, 0, 1, 0, 0]
-4.9999999999999485 0.0 6454.07 50000
[5038, 4962, 0, 0, 0, 0]
-4.9999999999999485 0.0 6214.03 50000
[5109, 4890, 1, 0, 0, 0]
-4.9999999999999485 0.0 6159.92 50000
[4927, 5072, 0, 1, 0, 0]
-4.9999999999999485 0.0 6136.89 50000
[4980, 5020, 0, 0, 0, 0]
-4.9999999999999485 0.0 5971.77 50000
[4965, 5035, 0, 0, 0, 0]
-4.9999999999999485 0.0 5876.63 50000
[5007, 4993, 0, 0, 0, 0]
-4.9999999999999485 0.0 5776.53 50000
[4943, 5057, 0, 0, 0, 0]
-4.9999999999999485 0.0 5729.4 50000
[5021, 4979, 0, 0, 0, 0]
-4.9999999999999485 0.0 5665.26 50000
[4990, 5010, 0, 0, 0, 0]
-4.9999999999999485 0.0 5576.14 50000
[4988, 5012, 0, 0, 0, 0]
-4.9999999999999485 0.0 5565.13 50000
[4923, 5076, 1, 0, 0, 0]
-4.9999999999999485 0.0 5465.87 50000
[4988, 5012, 0, 0, 0, 0]
-4.9999999999999485 0.0 5315.59 50000
[5003, 4997, 0, 0, 0, 0]
-4.9999999999999485 0.0 5303.54 50000
[5061, 4939, 0, 0, 0, 0]
-4.9999999999999485 0.0 5103.2 50000
[5023, 4977, 0, 0, 0, 0]
-4.9999999999999485 0.0 4939.89 50000
[4928, 5072, 0, 0, 0, 0]
-4.9999999999999485 0.0 4849.79 50000
[5021, 4978, 0, 1, 0, 0]
-4.9999999999999485 0.0 4763.58 50000
[952, 1037, 19, 3, 6, 137]
-4.488900000000089 5111.0 4787.55 50000
[5061, 4939, 0, 0, 0, 0]
-4.9999999999999485 0.0 4696.36 50000
[4988, 5011, 0, 0, 1, 0]
-4.9999999999999485 0.0 4605.17 50000
[1421, 1508, 49, 7, 11, 270]
-3.3481000000002874 16519.0 4741.24 50000
[4990, 5010, 0, 0, 0, 0]
-4.9999999999999485 0.0 4681.09 50000
[4972, 5028, 0, 0, 0, 0]
-4.9999999999999485 0.0 4627.0 50000
[4984, 5010, 5, 1, 0, 0]
-4.9999999999999485 0.0 4556.84 50000
[5045, 4955, 0, 0, 0, 0]
-4.9999999999999485 0.0 4513.73 50000
[5008, 4992, 0, 0, 0, 0]
-4.9999999999999485 0.0 4445.46 50000
[4929, 5014, 10, 0, 1, 46]
-4.819600000000049 1804.0 4430.39 50000
[5015, 4985, 0, 0, 0, 0]
-4.9999999999999485 0.0 4316.24 50000
[5010, 4990, 0, 0, 0, 0]
-4.9999999999999485 0.0 4289.17 50000
[4939, 5061, 0, 0, 0, 0]
-4.9999999999999485 0.0 4151.04 50000
[4960, 5040, 0, 0, 0, 0]
-4.9999999999999485 0.0 4022.7 50000
[4939, 5061, 0, 0, 0, 0]
-4.9999999999999485 0.0 3946.55 50000
[4966, 5034, 0, 0, 0, 0]
-4.9999999999999485 0.0 3917.46 50000
[5002, 4947, 8, 5, 3, 35]
-4.719300000000104 2807.0 3805.3 50000
[5015, 4985, 0, 0, 0, 0]
-4.9999999999999485 0.0 3701.16 50000
[5070, 4914, 5, 1, 1, 9]
-4.859900000000027 1401.0 3666.12 50000
[5041, 4959, 0, 0, 0, 0]
-4.9999999999999485 0.0 3411.65 50000
[4979, 5021, 0, 0, 0, 0]
-4.9999999999999485 0.0 3376.55 50000
[5068, 4932, 0, 0, 0, 0]
-4.9999999999999485 0.0 3346.45 50000
[4996, 5004, 0, 0, 0, 0]
-4.9999999999999485 0.0 3230.31 50000
[5026, 4974, 0, 0, 0, 0]
-4.9999999999999485 0.0 3152.1 50000
[5100, 4900, 0, 0, 0, 0]
-4.9999999999999485 0.0 3053.9 50000
[5020, 4980, 0, 0, 0, 0]
-4.9999999999999485 0.0 2995.83 50000
[5033, 4967, 0, 0, 0, 0]
-4.9999999999999485 0.0 2882.67 50000
[4968, 5032, 0, 0, 0, 0]
-4.9999999999999485 0.0 2769.53 50000
[4993, 5006, 1, 0, 0, 0]
-4.9999999999999485 0.0 2616.35 50000
[5047, 4952, 0, 0, 1, 0]
-4.9999999999999485 0.0 2558.27 50000
[4994, 5006, 0, 0, 0, 0]
-4.9999999999999485 0.0 2521.18 50000
[5005, 4995, 0, 0, 0, 0]
-4.9999999999999485 0.0 2476.06 50000
[4925, 5075, 0, 0, 0, 0]
-4.9999999999999485 0.0 2349.79 50000
[4929, 5071, 0, 0, 0, 0]
-4.9999999999999485 0.0 2303.74 50000
[5006, 4994, 0, 0, 0, 0]
-4.9999999999999485 0.0 2202.59 50000
[5024, 4976, 0, 0, 0, 0]
-4.9999999999999485 0.0 2060.45 50000
[4960, 5040, 0, 0, 0, 0]
-4.9999999999999485 0.0 1935.34 50000
[5059, 4941, 0, 0, 0, 0]
-4.9999999999999485 0.0 1616.05 50000
[5047, 4953, 0, 0, 0, 0]
-4.9999999999999485 0.0 1512.74 50000
[4977, 5022, 0, 1, 0, 0]
-4.9999999999999485 0.0 1451.63 50000
[759, 908, 16, 4, 5, 127]
-4.379300000000017 6207.0 1339.97 50000
[4981, 5019, 0, 0, 0, 0]
-4.9999999999999485 0.0 1164.7 50000
[4981, 5019, 0, 0, 0, 0]
-4.9999999999999485 0.0 818.43 50000
[4989, 5009, 1, 0, 1, 0]
-4.9999999999999485 0.0 759.36 50000
[4990, 5010, 0, 0, 0, 0]
-4.9999999999999485 0.0 681.1 50000
[4992, 5008, 0, 0, 0, 0]
-4.9999999999999485 0.0 523.9 50000
[4908, 4935, 25, 4, 1, 127]
-4.549500000000186 4505.0 507.91 50000
[4978, 5022, 0, 0, 0, 0]
-4.9999999999999485 0.0 507.91 50000
[4940, 5060, 0, 0, 0, 0]
-4.9999999999999485 0.0 507.91 50000
[5000, 5000, 0, 0, 0, 0]
-4.9999999999999485 0.0 507.91 50000
[4947, 5028, 4, 2, 2, 17]
-4.859900000000027 1401.0 460.79 50000
[4990, 5007, 3, 0, 0, 0]
-4.9999999999999485 0.0 460.79 50000
[4944, 5056, 0, 0, 0, 0]
-4.9999999999999485 0.0 460.79 50000
[4974, 5026, 0, 0, 0, 0]
-4.9999999999999485 0.0 460.79 50000
[707, 731, 19, 6, 3, 113]
-4.359300000000088 6407.0 522.85 50000
[4943, 5050, 0, 0, 0, 7]
-4.999899999999949 1.0 522.86 50000
[4987, 5012, 1, 0, 0, 0]
-4.9999999999999485 0.0 522.86 50000
[5016, 4887, 13, 3, 6, 75]
-4.419400000000271 5806.0 580.92 50000
[5017, 4983, 0, 0, 0, 0]
-4.9999999999999485 0.0 580.92 50000
[5000, 4999, 0, 0, 1, 0]
-4.9999999999999485 0.0 580.92 50000
[5040, 4919, 6, 1, 0, 34]
-4.8696000000000215 1304.0 593.96 50000
[5007, 4993, 0, 0, 0, 0]
-4.9999999999999485 0.0 593.96 50000
[4945, 5055, 0, 0, 0, 0]
-4.9999999999999485 0.0 593.96 50000
[4997, 5003, 0, 0, 0, 0]
-4.9999999999999485 0.0 593.95 50000
[837, 973, 18, 1, 2, 131]
-4.557300000000228 4427.0 635.2 50000
[5008, 4992, 0, 0, 0, 0]
-4.9999999999999485 0.0 635.2 50000
[922, 1041, 21, 9, 12, 133]
-4.057999999999871 9420.0 729.4 50000
[5072, 4928, 0, 0, 0, 0]
-4.9999999999999485 0.0 723.35 50000
[5024, 4976, 0, 0, 0, 0]
-4.9999999999999485 0.0 723.35 50000
[4968, 5031, 0, 1, 0, 0]
-4.9999999999999485 0.0 671.2 50000
[5011, 4989, 0, 0, 0, 0]
-4.9999999999999485 0.0 671.2 50000
[4960, 4994, 3, 0, 2, 41]
-4.88950000000001 1105.0 682.25 50000
[5000, 4999, 1, 0, 0, 0]
-4.9999999999999485 0.0 682.25 50000
[4953, 5046, 1, 0, 0, 0]
-4.9999999999999485 0.0 682.25 50000
[5006, 4994, 0, 0, 0, 0]
-4.9999999999999485 0.0 682.25 50000
[4992, 5007, 0, 1, 0, 0]
-4.9999999999999485 0.0 682.25 50000
[4992, 5008, 0, 0, 0, 0]
-4.9999999999999485 0.0 682.25 50000
[5057, 4943, 0, 0, 0, 0]
-4.9999999999999485 0.0 682.25 50000
[4921, 5079, 0, 0, 0, 0]
-4.9999999999999485 0.0 682.25 50000
[4991, 5009, 0, 0, 0, 0]
-4.9999999999999485 0.0 682.25 50000
[5020, 4980, 0, 0, 0, 0]
-4.9999999999999485 0.0 682.25 50000
[4858, 5071, 10, 5, 3, 53]
-4.608900000000166 3911.0 721.36 50000
[5026, 4951, 2, 0, 1, 20]
-4.939999999999982 600.0 727.36 50000
[4916, 5050, 4, 1, 0, 29]
-4.88900000000001 1110.0 738.46 50000
[5062, 4938, 0, 0, 0, 0]
-4.9999999999999485 0.0 738.46 50000
[5057, 4942, 1, 0, 0, 0]
-4.9999999999999485 0.0 738.46 50000
[4966, 4964, 4, 4, 4, 58]
-4.559600000000193 4404.0 782.5 50000
[5043, 4956, 0, 0, 1, 0]
-4.9999999999999485 0.0 782.5 50000
[4847, 5029, 15, 4, 2, 103]
-4.528800000000211 4712.0 829.62 50000
[4930, 5032, 4, 4, 1, 29]
-4.819700000000049 1803.0 847.65 50000
[4969, 5031, 0, 0, 0, 0]
-4.9999999999999485 0.0 847.65 50000
[5024, 4948, 2, 1, 2, 23]
-4.88920000000001 1108.0 858.73 50000
[5041, 4959, 0, 0, 0, 0]
-4.9999999999999485 0.0 858.73 50000
[5032, 4965, 0, 0, 1, 2]
-4.9999999999999485 0.0 858.73 50000
[4994, 5006, 0, 0, 0, 0]
-4.9999999999999485 0.0 858.73 50000
[4921, 4984, 18, 5, 4, 68]
-3.188800000000168 18112.0 1039.85 50000
[4941, 5059, 0, 0, 0, 0]
-4.9999999999999485 0.0 1039.85 50000
[5027, 4973, 0, 0, 0, 0]
-4.9999999999999485 0.0 1039.85 50000
[4957, 5043, 0, 0, 0, 0]
-4.9999999999999485 0.0 1039.85 50000
[5044, 4955, 1, 0, 0, 0]
-4.9999999999999485 0.0 1039.85 50000
[668, 749, 20, 1, 1, 78]
-4.719000000000031 2810.0 1016.84 50000
[5008, 4992, 0, 0, 0, 0]
-4.9999999999999485 0.0 1016.84 50000
[5006, 4993, 1, 0, 0, 0]
-4.9999999999999485 0.0 1016.84 50000
[5038, 4962, 0, 0, 0, 0]
-4.9999999999999485 0.0 851.65 50000
[4948, 5052, 0, 0, 0, 0]
-4.9999999999999485 0.0 851.65 50000
[5022, 4950, 2, 1, 1, 24]
-4.88920000000001 1108.0 862.73 50000
[4979, 4986, 5, 3, 1, 26]
-4.809800000000054 1902.0 881.75 50000
[5050, 4950, 0, 0, 0, 0]
-4.9999999999999485 0.0 881.75 50000
[4959, 5041, 0, 0, 0, 0]
-4.9999999999999485 0.0 881.75 50000
[4982, 5018, 0, 0, 0, 0]
-4.9999999999999485 0.0 863.71 50000
[5048, 4952, 0, 0, 0, 0]
-4.9999999999999485 0.0 863.71 50000
[4956, 5044, 0, 0, 0, 0]
-4.9999999999999485 0.0 863.71 50000
[5015, 4985, 0, 0, 0, 0]
-4.9999999999999485 0.0 863.71 50000
[5047, 4953, 0, 0, 0, 0]
-4.9999999999999485 0.0 863.71 50000
[4948, 5051, 1, 0, 0, 0]
-4.9999999999999485 0.0 863.71 50000
[882, 925, 26, 9, 10, 157]
-4.077600000000088 9224.0 955.95 50000
[4998, 5001, 0, 0, 1, 0]
-4.9999999999999485 0.0 927.88 50000
[5124, 4876, 0, 0, 0, 0]
-4.9999999999999485 0.0 927.88 50000
[4987, 4982, 4, 6, 1, 20]
-4.869900000000022 1301.0 926.88 50000
[803, 864, 12, 2, 0, 100]
-4.588300000000019 4117.0 968.05 50000
[5032, 4967, 1, 0, 0, 0]
-4.9999999999999485 0.0 968.05 50000
[5043, 4957, 0, 0, 0, 0]
-4.9999999999999485 0.0 968.05 50000
[4977, 5023, 0, 0, 0, 0]
-4.9999999999999485 0.0 968.05 50000
[5035, 4965, 0, 0, 0, 0]
-4.9999999999999485 0.0 968.05 50000
[4955, 5027, 2, 2, 1, 13]
-4.999799999999949 2.0 968.07 50000
[4954, 5046, 0, 0, 0, 0]
-4.9999999999999485 0.0 968.07 50000
[5010, 4989, 0, 1, 0, 0]
-4.9999999999999485 0.0 968.07 50000
[4930, 5027, 6, 0, 1, 36]
-4.9094 906.0 977.13 50000
[4979, 5021, 0, 0, 0, 0]
-4.9999999999999485 0.0 977.13 50000
[4941, 5059, 0, 0, 0, 0]
-4.9999999999999485 0.0 977.13 50000
[5034, 4965, 1, 0, 0, 0]
-4.9999999999999485 0.0 977.13 50000
[5011, 4989, 0, 0, 0, 0]
-4.9999999999999485 0.0 977.13 50000
[5010, 4990, 0, 0, 0, 0]
-4.9999999999999485 0.0 977.13 50000
[4956, 5000, 7, 0, 1, 36]
-4.939899999999982 601.0 983.14 50000
[1475, 1600, 19, 3, 11, 180]
-4.136399999999818 8636.0 1069.5 50000
[5008, 4992, 0, 0, 0, 0]
-4.9999999999999485 0.0 1069.5 50000
[4987, 5012, 0, 0, 1, 0]
-4.9999999999999485 0.0 1069.5 50000
[846, 882, 18, 3, 4, 140]
-4.398199999999995 6018.0 1129.68 50000
[4995, 5004, 0, 0, 1, 0]
-4.9999999999999485 0.0 1129.68 50000
[5009, 4991, 0, 0, 0, 0]
-4.9999999999999485 0.0 1129.68 50000
[4963, 5036, 1, 0, 0, 0]
-4.9999999999999485 0.0 1067.61 50000
[4966, 4940, 14, 5, 8, 67]
-4.4491000000002545 5509.0 1122.7 50000
[4878, 4988, 25, 5, 7, 97]
-4.428800000000266 5712.0 1179.82 50000
[4972, 5028, 0, 0, 0, 0]
-4.9999999999999485 0.0 1179.82 50000
[5048, 4952, 0, 0, 0, 0]
-4.9999999999999485 0.0 1179.82 50000
[4946, 4974, 12, 3, 4, 61]
-4.608900000000166 3911.0 1218.93 50000
[5034, 4966, 0, 0, 0, 0]
-4.9999999999999485 0.0 1173.88 50000
[5024, 4976, 0, 0, 0, 0]
-4.9999999999999485 0.0 1173.88 50000
[4963, 5037, 0, 0, 0, 0]
-4.9999999999999485 0.0 1173.88 50000
[5013, 4987, 0, 0, 0, 0]
-4.9999999999999485 0.0 1173.88 50000
[4950, 5050, 0, 0, 0, 0]
-4.9999999999999485 0.0 1159.87 50000
[5017, 4983, 0, 0, 0, 0]
-4.9999999999999485 0.0 1159.87 50000
[4975, 4991, 9, 0, 0, 25]
-4.989599999999955 104.0 1160.91 50000
[4951, 5048, 0, 0, 1, 0]
-4.9999999999999485 0.0 1160.91 50000
[4986, 5014, 0, 0, 0, 0]
-4.9999999999999485 0.0 1096.84 50000
[4969, 4988, 6, 1, 0, 36]
-4.909699999999999 903.0 1105.86 50000
